1 0.2547476030
2 0.2508401630
3 0.2468429350
4 0.2866053610
5 0.1992893790
6 0.1992893790
7 0.1992893790
8 0.1992893790
9 0.1992893790
10 0.1992893790
11 0.1992893790
12 0.1992893790
13 0.1992893790
14 0.1992893790
15 0.1992893790
16 0.1992893790
17 0.1992893790
18 0.1992893790
19 0.1992893790
20 0.1992893790
21 0.1992893790
22 0.1992893790
23 0.1992893790
24 0.1992893790
25 0.1992893790
26 0.1992893790
27 0.1992893790
28 0.1992893790
29 0.1992893790
30 0.1992893790
31 0.1992893790
32 0.1973122770
33 0.1973122770
34 0.1973122770
35 0.1973122770
36 0.1973122770
37 0.1973122770
38 0.1973122770
39 0.1973122770
40 0.1973122770
41 0.1973122770
42 0.1973122770
43 0.1973122770
44 0.1973122770
45 0.1973122770
46 0.1973122770
47 0.1973122770
48 0.1973122770
49 0.1973122770
50 0.1973122770
