0 0.3682825289
1 0.3711930869
2 0.3739138259
3 0.3766373159
4 0.3793608059
5 0.3820870469
6 0.3848105369
7 0.3875340269
8 0.3902575169
9 0.3929810069
10 0.3957044969
11 0.3984279869
12 0.4011514769
13 0.4038749669
14 0.4065984569
15 0.4093219469
16 0.4120454369
17 0.4147689269
18 0.4174924169
19 0.4202131559
20 0.4229366459
21 0.4256601359
22 0.4283836259
23 0.4311071159
24 0.4338306059
25 0.4365540959
26 0.4392775859
27 0.4420010759
28 0.4447245659
29 0.4474480559
30 0.4501715459
31 0.4528950359
32 0.4556185259
33 0.4583420159
34 0.4610655059
35 0.4637889959
36 0.4665124859
37 0.4692359759
38 0.4719594659
39 0.4746829559
40 0.4774064459
41 0.4801299359
42 0.4828534259
43 0.4855769159
44 0.4883004059
45 0.4910238959
46 0.4937473859
47 0.4964708759
48 0.4991943659
49 0.5019178559
50 0.5046413459
51 0.5073648359
52 0.5100883259
53 0.5128118159
54 0.5155353059
55 0.5182587959
56 0.5209822859
57 0.5237057759
58 0.5264292659
59 0.5291527559
60 0.5318762459
61 0.5345997359
62 0.5373232259
63 0.5400467159
64 0.5427702059
65 0.5454936959
66 0.5482171859
67 0.5509406759
68 0.5536641659
69 0.5563876559
70 0.5591111459
71 0.5618346359
72 0.5645581259
73 0.5652593149
74 0.5679552949
75 0.5706512749
76 0.5713277049
77 0.5719738739
78 0.5705729829
79 0.5691143209
80 0.5716452409
81 0.5741761609
82 0.5726652299
83 0.5731160779
84 0.5655162359
85 0.5658047749
86 0.5620239529
87 0.5642247529
88 0.5664255529
89 0.5666068029
90 0.5546239859
91 0.5505955739
92 0.5444705839
93 0.5362325099
94 0.5298214159
95 0.5216906309
96 0.5152932919
97 0.5050109089
98 0.4883892739
99 0.4833154819
100 0.4822010109
101 0.4810590299
102 0.4798840369
103 0.4728457149
104 0.4676120049
105 0.4681346949
106 0.4686546339
107 0.4672650629
108 0.4658507329
109 0.4603615399
110 0.4588344189
111 0.4572825389
112 0.4576126589
113 0.4579427789
114 0.4582701479
115 0.4566907579
116 0.4569933679
117 0.4572959779
118 0.4555762869
119 0.4558513869
120 0.4561264869
121 0.4564015869
122 0.4566766869
123 0.4569517869
124 0.4572268869
125 0.4575019869
126 0.4577770869
127 0.4580521869
128 0.4583272869
129 0.4586023869
130 0.4588774869
131 0.4591525869
132 0.4594276869
133 0.4597027869
134 0.4599778869
135 0.4602529869
136 0.4605280869
137 0.4608031869
138 0.4610782869
139 0.4613533869
140 0.4616284869
141 0.4619035869
142 0.4621786869
143 0.4624537869
144 0.4627288869
145 0.4630039869
146 0.4632790869
147 0.4635541869
148 0.4638292869
149 0.4641043869
150 0.4643794869
151 0.4646545869
152 0.4649296869
153 0.4652047869
154 0.4654798869
155 0.4657549869
156 0.4660300869
157 0.4663051869
158 0.4665802869
159 0.4668553869
160 0.4671304869
161 0.4674055869
162 0.4676806869
163 0.4679557869
164 0.4682308869
165 0.4685059869
166 0.4687810869
167 0.4690561869
168 0.4693312869
169 0.4696063869
170 0.4698814869
171 0.4701565869
172 0.4704316869
173 0.4707067869
174 0.4709818869
175 0.4712569869
176 0.4715320869
177 0.4718071869
178 0.4720822869
179 0.4723573869
180 0.4726324869
181 0.4729075869
182 0.4731826869
183 0.4734577869
184 0.4737328869
185 0.4740079869
186 0.4742830869
187 0.4745581869
188 0.4748332869
189 0.4751083869
190 0.4753834869
191 0.4756585869
192 0.4759336869
193 0.4762087869
194 0.4764838869
195 0.4767589869
196 0.4770340869
197 0.4773091869
198 0.4775842869
199 0.4778593869
200 0.4781344869
201 0.4784095869
202 0.4786846869
203 0.4789597869
204 0.4792348869
205 0.4795099869
206 0.4797850869
207 0.4800601869
208 0.4803352869
209 0.4806103869
210 0.4808854869
211 0.4811605869
212 0.4814356869
213 0.4817107869
214 0.4819858869
215 0.4822609869
216 0.4825360869
217 0.4828111869
218 0.4830862869
219 0.4833613869
220 0.4836364869
221 0.4839115869
222 0.4841866869
223 0.4844617869
224 0.4847368869
225 0.4850119869
226 0.4852870869
227 0.4855621869
228 0.4858372869
229 0.4861123869
230 0.4863874869
231 0.4866625869
232 0.4869376869
233 0.4872127869
234 0.4874878869
235 0.4877629869
236 0.4880380869
237 0.4883131869
238 0.4885882869
239 0.4888633869
240 0.4891384869
241 0.4894135869
242 0.4896886869
243 0.4899637869
244 0.4902388869
245 0.4905139869
246 0.4907890869
247 0.4910641869
248 0.4913392869
249 0.4916143869
250 0.4918894869
251 0.4921645869
252 0.4924396869
253 0.4927147869
254 0.4929898869
255 0.4932649869
256 0.4935400869
257 0.4938151869
258 0.4940902869
259 0.4943653869
260 0.4946404869
261 0.4949155869
262 0.4951906869
263 0.4954657869
264 0.4957408869
265 0.4960159869
266 0.4962910869
267 0.4965661869
268 0.4968412869
269 0.4971163869
270 0.4973914869
271 0.4976665869
272 0.4979416869
273 0.4982167869
274 0.4984918869
275 0.4987669869
276 0.4990420869
277 0.4993171869
278 0.4995922869
279 0.4998673869
280 0.5001424869
281 0.5004175869
282 0.5006926869
283 0.5009677869
284 0.5012428869
285 0.5015179869
286 0.5017930869
287 0.5020681869
288 0.5023432869
289 0.5026183869
290 0.5028934869
291 0.5031685869
292 0.5034436869
293 0.5037187869
294 0.5039938869
295 0.5042689869
296 0.5045440869
297 0.5048191869
298 0.5050942869
299 0.5053693869
300 0.5056444869
301 0.5059195869
302 0.5061919359
303 0.5064670359
304 0.5067421359
305 0.5070172359
306 0.5072923359
307 0.5075674359
308 0.5078425359
309 0.5081176359
310 0.5083927359
311 0.5086678359
312 0.5089429359
313 0.5092180359
314 0.5094931359
315 0.5097682359
316 0.5100433359
317 0.5103184359
318 0.5105935359
319 0.5108686359
320 0.5111437359
321 0.5114188359
322 0.5116939359
323 0.5119690359
324 0.5122441359
325 0.5125192359
326 0.5127943359
327 0.5130694359
328 0.5133445359
329 0.5136196359
330 0.5138947359
331 0.5141698359
332 0.5144449359
333 0.5147200359
334 0.5149951359
335 0.5152702359
336 0.5155453359
337 0.5158204359
338 0.5160955359
339 0.5163706359
340 0.5166457359
341 0.5169208359
342 0.5171959359
343 0.5174710359
344 0.5177461359
345 0.5180212359
346 0.5182963359
347 0.5185714359
348 0.5188465359
349 0.5191216359
350 0.5193967359
351 0.5196718359
352 0.5199469359
353 0.5202220359
354 0.5204971359
355 0.5207722359
356 0.5210473359
357 0.5213224359
358 0.5215975359
359 0.5218726359
360 0.5221477359
361 0.5224228359
362 0.5226979359
363 0.5229730359
364 0.5232481359
365 0.5235232359
366 0.5237983359
367 0.5240734359
368 0.5243485359
369 0.5246236359
370 0.5248987359
371 0.5251738359
372 0.5254489359
373 0.5257240359
374 0.5259991359
375 0.5262742359
376 0.5265493359
377 0.5268244359
378 0.5270995359
379 0.5273746359
380 0.5276497359
381 0.5279248359
382 0.5281999359
383 0.5284750359
384 0.5287501359
385 0.5290252359
386 0.5293003359
387 0.5295754359
388 0.5298505359
389 0.5301256359
390 0.5304007359
391 0.5306758359
392 0.5309509359
393 0.5312260359
394 0.5315011359
395 0.5317762359
396 0.5320513359
397 0.5323264359
398 0.5326015359
399 0.5328766359
400 0.5331517359
401 0.5334268359
402 0.5337019359
403 0.5339770359
404 0.5342521359
405 0.5345272359
406 0.5348023359
407 0.5350774359
408 0.5353525359
409 0.5356276359
410 0.5359027359
411 0.5361778359
412 0.5364529359
413 0.5367280359
414 0.5370031359
415 0.5372782359
416 0.5375533359
417 0.5378284359
418 0.5381035359
419 0.5383786359
420 0.5386537359
421 0.5389288359
422 0.5392039359
423 0.5394790359
424 0.5397541359
425 0.5400292359
426 0.5403043359
427 0.5405794359
428 0.5408545359
429 0.5411296359
430 0.5414047359
431 0.5416798359
432 0.5419549359
433 0.5422300359
434 0.5425051359
435 0.5427802359
436 0.5430553359
437 0.5433304359
438 0.5436055359
439 0.5438806359
440 0.5441557359
441 0.5444308359
442 0.5447059359
443 0.5449810359
444 0.5452561359
445 0.5455312359
446 0.5458063359
447 0.5460814359
448 0.5463565359
449 0.5466316359
450 0.5469067359
451 0.5471818359
452 0.5474569359
453 0.5477320359
454 0.5480071359
455 0.5482822359
456 0.5485573359
457 0.5488324359
458 0.5491075359
459 0.5493826359
460 0.5496577359
461 0.5499328359
462 0.5502079359
463 0.5504830359
464 0.5507581359
465 0.5510332359
466 0.5513083359
467 0.5515834359
468 0.5518585359
469 0.5521336359
470 0.5524087359
471 0.5526838359
472 0.5529589359
473 0.5532340359
474 0.5535091359
475 0.5537842359
476 0.5540593359
477 0.5543344359
478 0.5546095359
479 0.5548846359
480 0.5551597359
481 0.5554348359
482 0.5557099359
483 0.5559850359
484 0.5562601359
485 0.5565352359
486 0.5568103359
487 0.5570854359
488 0.5573605359
489 0.5576356359
490 0.5579107359
491 0.5581858359
492 0.5584609359
493 0.5587360359
494 0.5590111359
495 0.5592862359
496 0.5595613359
497 0.5598364359
498 0.5601115359
499 0.5603866359
500 0.5606617359
501 0.5609368359
502 0.5612119359
503 0.5614870359
504 0.5617621359
505 0.5620372359
506 0.5623123359
507 0.5625874359
508 0.5628625359
509 0.5631376359
510 0.5634127359
511 0.5636878359
512 0.5639629359
513 0.5642380359
514 0.5645131359
515 0.5647882359
516 0.5650633359
517 0.5653384359
518 0.5656135359
519 0.5658886359
520 0.5661637359
521 0.5664388359
522 0.5667139359
523 0.5669890359
524 0.5672641359
525 0.5675392359
526 0.5678143359
527 0.5680894359
528 0.5683645359
529 0.5686396359
530 0.5689147359
531 0.5691898359
532 0.5694649359
533 0.5697400359
534 0.5700151359
535 0.5702902359
536 0.5705653359
537 0.5708404359
538 0.5711155359
539 0.5713906359
540 0.5716657359
541 0.5719408359
542 0.5722159359
543 0.5724910359
544 0.5727661359
545 0.5730412359
546 0.5733163359
547 0.5735914359
548 0.5738665359
549 0.5741416359
550 0.5744167359
551 0.5746918359
552 0.5749669359
553 0.5752420359
554 0.5755171359
555 0.5757922359
556 0.5760673359
557 0.5763424359
558 0.5766175359
559 0.5768926359
560 0.5771677359
561 0.5774428359
562 0.5777179359
563 0.5779930359
564 0.5782681359
565 0.5785432359
566 0.5788183359
567 0.5790934359
568 0.5793685359
569 0.5796436359
570 0.5799187359
571 0.5801938359
572 0.5804689359
573 0.5807440359
574 0.5810191359
575 0.5812942359
576 0.5815693359
577 0.5818444359
578 0.5821195359
579 0.5823946359
580 0.5826697359
581 0.5829448359
582 0.5832199359
583 0.5834950359
584 0.5837701359
585 0.5840452359
586 0.5843203359
587 0.5845954359
588 0.5848705359
589 0.5851456359
590 0.5854207359
591 0.5856958359
592 0.5859709359
593 0.5862460359
594 0.5865211359
595 0.5867962359
596 0.5870713359
597 0.5873464359
598 0.5876215359
599 0.5878966359
600 0.5881717359
601 0.5884468359
602 0.5887219359
603 0.5889970359
604 0.5892721359
605 0.5895472359
606 0.5898223359
607 0.5900974359
608 0.5903725359
609 0.5906476359
610 0.5909227359
611 0.5911978359
612 0.5914729359
613 0.5917480359
614 0.5920231359
615 0.5922982359
616 0.5925733359
617 0.5928484359
618 0.5931235359
619 0.5933986359
620 0.5936737359
621 0.5939488359
622 0.5942239359
623 0.5944990359
624 0.5947741359
625 0.5950492359
626 0.5953243359
627 0.5955994359
628 0.5958745359
629 0.5961496359
630 0.5964247359
631 0.5966998359
632 0.5969749359
633 0.5972500359
634 0.5975251359
635 0.5978002359
636 0.5980753359
637 0.5983504359
638 0.5986255359
639 0.5989006359
640 0.5991757359
641 0.5994508359
642 0.5997259359
643 0.6000010359
644 0.6002761359
645 0.6005512359
646 0.6008263359
647 0.6011014359
648 0.6013765359
649 0.6016516359
650 0.6019267359
651 0.6022018359
652 0.6024769359
653 0.6027520359
654 0.6030271359
655 0.6033022359
656 0.6035773359
657 0.6038524359
658 0.6041275359
659 0.6044026359
660 0.6046777359
661 0.6049528359
662 0.6052279359
663 0.6055030359
664 0.6057781359
665 0.6060532359
666 0.6063283359
667 0.6066034359
668 0.6068785359
669 0.6071536359
670 0.6074287359
671 0.6077038359
672 0.6079789359
673 0.6082540359
674 0.6085291359
675 0.6088042359
676 0.6090793359
677 0.6093544359
678 0.6096295359
679 0.6099046359
680 0.6101797359
681 0.6104548359
682 0.6107299359
683 0.6110050359
684 0.6112801359
685 0.6115552359
686 0.6118303359
687 0.6121054359
688 0.6123805359
689 0.6126556359
690 0.6129307359
691 0.6132058359
692 0.6134809359
693 0.6137560359
694 0.6140311359
695 0.6143062359
696 0.6145813359
697 0.6148564359
698 0.6151315359
699 0.6154066359
700 0.6156817359
701 0.6159568359
702 0.6162319359
703 0.6165070359
704 0.6167821359
705 0.6170572359
706 0.6173323359
707 0.6176074359
708 0.6178825359
709 0.6181576359
710 0.6184327359
711 0.6187078359
712 0.6189829359
713 0.6192580359
714 0.6195331359
715 0.6198082359
716 0.6200833359
717 0.6203584359
718 0.6206335359
719 0.6209086359
720 0.6211837359
721 0.6214588359
722 0.6217339359
723 0.6220090359
724 0.6222841359
725 0.6225592359
726 0.6228343359
727 0.6231094359
728 0.6233845359
729 0.6236596359
730 0.6239347359
731 0.6242098359
732 0.6244849359
733 0.6247600359
734 0.6250351359
735 0.6253102359
736 0.6255853359
737 0.6258604359
738 0.6261355359
739 0.6264106359
740 0.6266857359
741 0.6269608359
742 0.6272359359
743 0.6275110359
744 0.6277861359
745 0.6280612359
746 0.6283363359
747 0.6286114359
748 0.6288865359
749 0.6291616359
750 0.6294367359
751 0.6297118359
752 0.6299869359
753 0.6302620359
754 0.6305371359
755 0.6308122359
756 0.6310873359
757 0.6313624359
758 0.6316375359
759 0.6319126359
760 0.6321877359
761 0.6324628359
762 0.6327379359
763 0.6330130359
764 0.6332881359
765 0.6335632359
766 0.6338383359
767 0.6341134358
768 0.6343885358
769 0.6346636358
770 0.6349387358
771 0.6352138358
772 0.6354889358
773 0.6357640358
774 0.6360391358
775 0.6363142358
776 0.6365893358
777 0.6368644358
778 0.6371395358
779 0.6374146358
780 0.6376897358
781 0.6379648358
782 0.6382399358
783 0.6385150358
784 0.6387901358
785 0.6390652358
786 0.6393403358
787 0.6396154358
788 0.6398905358
789 0.6401656358
790 0.6404407358
791 0.6407158358
792 0.6409909358
793 0.6412660358
794 0.6415411358
795 0.6418162358
796 0.6420913358
797 0.6423664358
798 0.6426415358
799 0.6429166358
800 0.6431917358
801 0.6434668358
802 0.6437419358
803 0.6440170358
804 0.6442921358
805 0.6445672358
806 0.6448423358
807 0.6451174358
808 0.6453925358
809 0.6456676358
810 0.6459427358
811 0.6462178358
812 0.6464929358
813 0.6467680358
814 0.6470431359
815 0.6473182359
816 0.6475933359
817 0.6478684359
818 0.6481435359
819 0.6484186359
820 0.6486937359
821 0.6489688359
822 0.6492439359
823 0.6495190359
824 0.6497941359
825 0.6500692359
826 0.6503443359
827 0.6506194359
828 0.6508945359
829 0.6511696359
830 0.6514447359
831 0.6517198359
832 0.6519949359
833 0.6522700359
834 0.6525451359
835 0.6528202359
836 0.6530953359
837 0.6533704359
838 0.6536455359
839 0.6539206359
840 0.6541957359
841 0.6544708359
842 0.6547459359
843 0.6550210359
844 0.6552961359
845 0.6555712359
846 0.6558463359
847 0.6561214359
848 0.6563965359
849 0.6566716359
850 0.6569467359
851 0.6572218359
852 0.6574969359
853 0.6577720359
854 0.6580471359
855 0.6583222359
856 0.6585973359
857 0.6588724359
858 0.6591475359
859 0.6594226359
860 0.6596977359
861 0.6599728359
862 0.6602479359
863 0.6605230359
864 0.6607981359
865 0.6610732359
866 0.6613483359
867 0.6616234359
868 0.6618985359
869 0.6621736359
870 0.6624487359
871 0.6627238359
872 0.6629989359
873 0.6632740359
874 0.6635491359
875 0.6638242359
876 0.6640993359
877 0.6643744359
878 0.6646495359
879 0.6649246359
880 0.6651997359
881 0.6654748359
882 0.6657499359
883 0.6660250359
884 0.6663001359
885 0.6665752359
886 0.6668503359
887 0.6671254359
888 0.6674005359
889 0.6676756359
890 0.6679507359
891 0.6682258359
892 0.6685009359
893 0.6687760359
894 0.6690511359
895 0.6693262359
896 0.6696013359
897 0.6698764359
898 0.6701515359
899 0.6704266359
900 0.6707017359
901 0.6709768359
902 0.6712519359
903 0.6715270359
904 0.6718021359
905 0.6720772359
906 0.6723523359
907 0.6726274359
908 0.6729025359
909 0.6731776359
910 0.6734527359
911 0.6737278359
912 0.6740029359
913 0.6742780359
914 0.6745531359
915 0.6748282359
916 0.6751033359
917 0.6753784359
918 0.6756535359
919 0.6759286359
920 0.6762037359
921 0.6764788359
922 0.6767539359
923 0.6770290359
924 0.6773041359
925 0.6775792359
926 0.6778543359
927 0.6781294359
928 0.6784045359
929 0.6786796359
930 0.6789547359
931 0.6792298359
932 0.6795049359
933 0.6797800359
934 0.6800551359
935 0.6803302359
936 0.6806053359
937 0.6808804359
938 0.6811555359
939 0.6814306359
940 0.6817057359
941 0.6819808359
942 0.6822559359
943 0.6825310359
944 0.6828061359
945 0.6830812359
946 0.6833563359
947 0.6836314359
948 0.6839065359
949 0.6841816359
950 0.6844567359
951 0.6847318359
952 0.6850069359
953 0.6852820359
954 0.6855571359
955 0.6858322359
956 0.6861073359
957 0.6863824359
958 0.6866575359
959 0.6869326359
960 0.6872077359
961 0.6874828359
962 0.6877579359
963 0.6880330359
964 0.6883081359
965 0.6885832359
966 0.6888583359
967 0.6891334359
968 0.6894085359
969 0.6896836359
970 0.6899587359
971 0.6902338359
972 0.6905089359
973 0.6907840359
974 0.6910591359
975 0.6913342359
976 0.6916093359
977 0.6918844359
978 0.6921595359
979 0.6924346359
980 0.6927097359
981 0.6929848359
982 0.6932599359
983 0.6935350359
984 0.6938101359
985 0.6940852359
986 0.6943603359
987 0.6946354359
988 0.6949105359
989 0.6951856359
990 0.6954607359
991 0.6957358359
992 0.6960109359
993 0.6962860359
994 0.6945415859
995 0.6947891759
996 0.6950367659
997 0.6952843559
998 0.6955319459
999 0.6957795359
1000 0.6960271259
2000 0.9436171258
3000 1.1912071261
4000 1.4387943752
5000 1.6863843753
6000 1.9339743755
7000 2.1815643752
8000 2.4291543750
9000 2.6767443748
10000 2.9243343748
11000 3.1719243746
12000 3.4195143746
13000 3.6671043746
14000 3.9146943744
15000 4.1622843748
16000 4.4098743749
17000 4.6574643752
18000 4.9050543753
19000 5.1526471263
20000 5.4002371268
21000 5.6478271268
22000 5.8954171268
23000 6.1430071268
24000 6.3905998781
25000 6.6381898781
26000 6.8857798781
27000 7.1333698781
28000 7.3809598781
29000 7.6285498786
30000 7.8761398786
31000 8.1237298786
32000 8.3713198778
33000 8.6189098777
34000 8.8664998776
35000 9.1140898776
36000 9.3616798770
37000 9.6092698770
38000 9.8568598769
39000 10.1044498769
40000 10.3520398768
41000 10.5996298761
42000 10.8472198760
43000 11.0948098760
44000 11.3423998759
45000 11.5899898759
46000 11.8375798758
47000 12.0851698758
48000 12.3327598753
49000 12.5803498754
50000 12.8279398754
51000 13.0755298753
52000 13.3231198753
53000 13.5707098752
54000 13.8182998752
55000 14.0658898752
56000 14.3134798751
57000 14.5610698751
58000 14.8086598745
59000 15.0562498744
60000 15.3038398744
61000 15.5514298744
62000 15.7990198744
63000 16.0466098743
64000 16.2941998743
65000 16.5417898743
66000 16.7893798742
67000 17.0369698742
68000 17.2845598742
69000 17.5321498741
70000 17.7797398741
71000 18.0273298741
72000 18.2749198741
73000 18.5225098737
74000 18.7700998737
75000 19.0176898737
76000 19.2652771226
77000 19.5128671226
78000 19.7604571226
79000 20.0080471226
80000 20.2556371225
81000 20.5032271225
82000 20.7508171225
83000 20.9984071225
84000 21.2459971224
85000 21.4935871224
86000 21.7411771224
87000 21.9887671224
88000 22.2363571223
89000 22.4839471223
90000 22.7315371223
91000 22.9791271223
92000 23.2267171223
93000 23.4743071222
94000 23.7218971222
95000 23.9694871222
96000 24.2170771222
97000 24.4646643711
98000 24.7122543709
99000 24.9598443709
100000 25.2074343709
101000 25.4550243709
102000 25.7026143709
103000 25.9502043708
104000 26.1977943708
105000 26.4453843708
106000 26.6929743708
107000 26.9405643708
108000 27.1881543708
109000 27.4357443708
110000 27.6833343707
111000 27.9309243707
112000 28.1785143707
113000 28.4261043707
114000 28.6736943707
115000 28.9212843707
116000 29.1688743707
117000 29.4164643706
118000 29.6640543706
119000 29.9116443706
120000 30.1406708456
121000 30.1388163556
122000 30.1388163556
123000 30.1388163556
124000 30.1388163556
125000 30.1388163556
126000 30.1388163556
127000 30.1388163556
128000 30.1388163556
129000 30.1388163556
130000 30.1388163556
