1 0.3569868450
2 0.3237935270
3 0.2905782850
4 0.2299779710
5 0.1928531850
6 0.1928531850
7 0.1928531850
8 0.1928531850
9 0.1928531850
10 0.1928531850
11 0.1928531850
12 0.1928531850
13 0.1928531850
14 0.1928531850
15 0.1928531850
16 0.1928531850
17 0.1928531850
18 0.1928531850
19 0.1928531850
20 0.1928531850
21 0.1928531850
22 0.1928531850
23 0.1928531850
24 0.1928531850
25 0.1928531850
26 0.1928531850
27 0.1928531850
28 0.1928531850
29 0.1928531850
30 0.1928531850
31 0.1928531850
32 0.1928531850
33 0.1928531850
34 0.1928531850
35 0.1928531850
36 0.1928531850
37 0.1928531850
38 0.1928531850
39 0.1928531850
40 0.1928531850
41 0.1928531850
42 0.1928531850
43 0.1928531850
44 0.1928531850
45 0.1928531850
46 0.1928531850
47 0.1928531850
48 0.1928531850
49 0.1928531850
50 0.1928531850
51 0.1928531850
52 0.1928531850
53 0.1928531850
54 0.1928531850
55 0.1928531850
56 0.1928531850
57 0.1928531850
58 0.1928531850
59 0.1928531850
60 0.1928531850
61 0.1928531850
62 0.1928531850
63 0.1928531850
64 0.1928531850
65 0.1928531850
66 0.1928531850
67 0.1928531850
68 0.1928531850
69 0.1928531850
70 0.1928531850
71 0.1928531850
72 0.1928531850
73 0.1928531850
74 0.1928531850
75 0.1928531850
76 0.1928531850
77 0.1928531850
78 0.1928531850
79 0.1928531850
80 0.1928531850
81 0.1928531850
82 0.1928531850
83 0.1928531850
84 0.1928531850
85 0.1928531850
86 0.1928531850
87 0.1928531850
88 0.1928531850
89 0.1928531850
90 0.1928531850
91 0.1928531850
92 0.1928531850
93 0.1928531850
94 0.1928531850
95 0.1928531850
96 0.1928531850
97 0.1928531850
98 0.1928531850
99 0.1928531850
100 0.1928531850
101 0.1928531850
102 0.1928531850
103 0.1928531850
104 0.1928531850
105 0.1928531850
106 0.1928531850
107 0.1928531850
108 0.1928531850
109 0.1928531850
110 0.1928531850
111 0.1928531850
112 0.1928531850
113 0.1928531850
114 0.1928531850
115 0.1928531850
116 0.1928531850
117 0.1928531850
118 0.1928531850
119 0.1928531850
120 0.1928531850
121 0.1928531850
122 0.1928531850
123 0.1928531850
124 0.1928531850
125 0.1928531850
126 0.1928531850
127 0.1928531850
128 0.1928531850
129 0.1928531850
130 0.1928531850
131 0.1928531850
132 0.1928531850
133 0.1928531850
134 0.1928531850
135 0.1928531850
136 0.1928531850
137 0.1928531850
138 0.1928531850
139 0.1928531850
140 0.1928531850
141 0.1928531850
142 0.1928531850
143 0.1928531850
144 0.1928531850
145 0.1928531850
146 0.1928531850
147 0.1928531850
148 0.1928531850
149 0.1928531850
150 0.1928531850
151 0.1928531850
152 0.1928531850
153 0.1928531850
154 0.1928531850
155 0.1928531850
156 0.1928531850
157 0.1928531850
158 0.1928531850
159 0.1928531850
160 0.1928531850
161 0.1928531850
162 0.1928531850
163 0.1928531850
164 0.1928531850
165 0.1928531850
166 0.1928531850
167 0.1928531850
168 0.1928531850
169 0.1928531850
170 0.1928531850
171 0.1928531850
172 0.1928531850
173 0.1928531850
174 0.1928531850
175 0.1928531850
176 0.1928531850
177 0.1928531850
178 0.1928531850
179 0.1928531850
180 0.1928531850
181 0.1928531850
182 0.1928531850
183 0.1928531850
184 0.1928531850
185 0.1928531850
186 0.1928531850
187 0.1928531850
188 0.1928531850
189 0.1928531850
190 0.1928531850
191 0.1928531850
192 0.1928531850
193 0.1928531850
194 0.1928531850
195 0.1928531850
196 0.1928531850
197 0.1928531850
198 0.1928531850
199 0.1928531850
200 0.1928531850
201 0.1928531850
202 0.1928531850
203 0.1928531850
204 0.1928531850
205 0.1928531850
206 0.1928531850
207 0.1928531850
208 0.1928531850
209 0.1928531850
210 0.1928531850
211 0.1928531850
212 0.1928531850
213 0.1928531850
214 0.1928531850
215 0.1928531850
216 0.1928531850
217 0.1928531850
218 0.1928531850
219 0.1928531850
220 0.1928531850
221 0.1928531850
222 0.1928531850
223 0.1928531850
224 0.1928531850
225 0.1928531850
226 0.1928531850
227 0.1928531850
228 0.1928531850
229 0.1928531850
230 0.2484515470
231 0.2484515470
232 0.2484515470
233 0.2484515470
234 0.2484515470
235 0.2484515470
236 0.2484515470
237 0.2484515470
238 0.2484515470
239 0.2484515470
240 0.3040475090
241 0.3040475090
242 0.3040475090
243 0.3040475090
244 0.3596405910
245 0.3596405910
246 0.4152355931
247 0.4152355931
248 0.4708382751
249 0.4708382751
250 0.5264342371
251 0.5264342371
252 0.5820292871
253 0.5820292871
254 0.5820292871
255 0.5820292871
256 0.5820292871
257 0.5820292871
258 0.5820292871
259 0.5820292871
260 0.6376228490
261 0.6376228490
262 0.6376228490
263 0.6376228490
264 0.6932125710
265 0.6932125710
266 0.6932125710
267 0.6932125710
268 0.6932125710
269 0.6932125710
270 0.6932125710
271 0.6932125710
272 0.6932125710
273 0.6932125710
274 0.6932125710
275 0.6932125710
276 0.6932125710
277 0.6932125710
278 0.6932125710
279 0.6932125710
280 0.6932125710
281 0.6932125710
282 0.6932125710
283 0.6932125710
284 0.6932125710
285 0.6932125710
286 0.6932125710
287 0.6932125710
288 0.6932125710
289 0.6932125710
290 0.6932125710
291 0.6932125710
292 0.6932125710
293 0.6932125710
294 0.6932125710
295 0.6932125710
296 0.6932125710
297 0.6932125710
298 0.6932125710
299 0.6932125710
300 0.6932125710
