0 0.1972918990
1 0.1973122770
2 0.1974264450
3 0.1975977790
4 0.1977714130
5 0.1994119900
6 0.2011218020
7 0.2011218020
8 0.2011218020
9 0.2011218020
10 0.2011218020
11 0.2011218020
12 0.2011218020
13 0.2011218020
14 0.2011218020
15 0.2011218020
16 0.2011218020
17 0.2011218020
18 0.2011218020
19 0.2011218020
20 0.2011218020
21 0.2011218020
22 0.2011218020
23 0.2011218020
24 0.2011218020
25 0.2011218020
26 0.2011218020
27 0.2011218020
28 0.2011218020
29 0.2011218020
30 0.2011218020
31 0.2011218020
32 0.2011218020
33 0.2011941600
34 0.2011941600
35 0.2011941600
36 0.2011941600
37 0.2011941600
38 0.2011941600
39 0.2011941600
40 0.2011941600
41 0.2011941600
42 0.2011941600
43 0.2011941600
44 0.2011941600
45 0.2011941600
46 0.2011941600
47 0.2011941600
48 0.2011941600
49 0.2011941600
50 0.2011941600
