0 0.2606726390
1 0.2559152120
2 0.2489814280
3 0.2304117690
4 0.2022010260
5 0.2024486160
6 0.2026962060
7 0.2029437960
8 0.2031913860
9 0.2034389760
10 0.2036865660
11 0.2039341560
12 0.2041817460
13 0.2044293360
14 0.2046769260
15 0.2049245160
16 0.2051721060
17 0.2054196960
18 0.2056672860
19 0.2059148760
20 0.2061624660
21 0.2064100560
22 0.2066576460
23 0.2069052360
24 0.2071528260
25 0.2074004160
26 0.2076480060
27 0.2078955960
28 0.2081431860
29 0.2083907760
30 0.2086383660
31 0.2088859560
32 0.2091335460
33 0.2093811360
34 0.2096287260
35 0.2098763160
36 0.2101239060
37 0.2103714960
38 0.2106190860
39 0.2108666760
40 0.2111142660
41 0.2113618560
42 0.2116094460
43 0.2118570360
44 0.2121046260
45 0.2123522160
46 0.2125998060
47 0.2128473960
48 0.2130949860
49 0.2133425760
50 0.2135901660
51 0.2138377560
52 0.2140853460
53 0.2143329360
54 0.2145805260
55 0.2148281160
56 0.2150757060
57 0.2153232960
58 0.2155708860
59 0.2158184760
60 0.2160660660
61 0.2163136560
62 0.2165612460
63 0.2168088360
64 0.2170564260
65 0.2173040160
66 0.2175516060
67 0.2177991960
68 0.2180467860
69 0.2182943760
70 0.2185419660
71 0.2187895560
72 0.2190371460
73 0.2192847360
74 0.2195323260
75 0.2197799160
76 0.2200275060
77 0.2202750960
78 0.2205226860
79 0.2207702760
80 0.2210178660
81 0.2212654560
82 0.2215130460
83 0.2217606360
84 0.2220082260
85 0.2222558160
86 0.2225034060
87 0.2227509960
88 0.2229985860
89 0.2232461760
90 0.2234937660
91 0.2237413560
92 0.2239889460
93 0.2242365360
94 0.2244841260
95 0.2247317160
96 0.2249793060
97 0.2252268960
98 0.2254744860
99 0.2257220760
100 0.2259696660
101 0.2262172560
102 0.2264648460
103 0.2267124360
104 0.2269600260
105 0.2272076160
106 0.2274552060
107 0.2277027960
108 0.2279503860
109 0.2281979760
110 0.2284455660
111 0.2286931560
112 0.2289407460
113 0.2291883360
114 0.2294359260
115 0.2296835160
116 0.2299311060
117 0.2301786960
118 0.2304262860
119 0.2306738760
120 0.2309214660
121 0.2311690560
122 0.2314166460
123 0.2316642360
124 0.2319118260
125 0.2321594160
126 0.2324070060
127 0.2326545960
128 0.2329021860
129 0.2331497760
130 0.2333973660
131 0.2336449560
132 0.2338925460
133 0.2341401360
134 0.2343877260
135 0.2346353160
136 0.2348829060
137 0.2351304960
138 0.2353780860
139 0.2356256760
140 0.2358732660
141 0.2361208560
142 0.2363684460
143 0.2366160360
144 0.2368636260
145 0.2371112160
146 0.2373588060
147 0.2376063960
148 0.2378539860
149 0.2381015760
150 0.2383491660
151 0.2385967560
152 0.2388443460
153 0.2390919360
154 0.2393395260
155 0.2395871160
156 0.2398347060
157 0.2400822960
158 0.2403298860
159 0.2405774760
160 0.2408250660
161 0.2410726560
162 0.2413202460
163 0.2415678360
164 0.2418154260
165 0.2420630160
166 0.2423106060
167 0.2425581960
168 0.2428057860
169 0.2430533760
170 0.2433009660
171 0.2435485560
172 0.2437961460
173 0.2440437360
174 0.2442913260
175 0.2445389160
176 0.2447865060
177 0.2450340960
178 0.2452816860
179 0.2455292760
180 0.2457768660
181 0.2460244560
182 0.2462720460
183 0.2465196360
184 0.2467672260
185 0.2470148160
186 0.2472624060
187 0.2475099960
188 0.2477575860
189 0.2480051760
190 0.2482527660
191 0.2485003560
192 0.2487479460
193 0.2489955360
194 0.2492431260
195 0.2494907160
196 0.2497383060
197 0.2499858960
198 0.2502334860
199 0.2504810760
200 0.2507286660
201 0.2509762560
202 0.2512238460
203 0.2514714360
204 0.2517190260
205 0.2519666160
206 0.2522142060
207 0.2524617960
208 0.2527093860
209 0.2529569760
210 0.2532045660
211 0.2534521560
212 0.2536997460
213 0.2539473360
214 0.2541949260
215 0.2544425160
216 0.2546901060
217 0.2549376960
218 0.2551852860
219 0.2554328760
220 0.2556804660
221 0.2559280560
222 0.2561756460
223 0.2564232360
224 0.2566708260
225 0.2569184160
226 0.2571660060
227 0.2574135960
228 0.2576611860
229 0.2579087760
230 0.2581563660
231 0.2584039560
232 0.2586515460
233 0.2588991360
234 0.2591467260
235 0.2593943160
236 0.2596419060
237 0.2598894960
238 0.2601370860
239 0.2603846760
240 0.2606322660
241 0.2608798560
242 0.2611274460
243 0.2613750360
244 0.2616226260
245 0.2618702160
246 0.2621178060
247 0.2623653960
248 0.2626129860
249 0.2628605760
250 0.2631081660
251 0.2633557560
252 0.2636033460
253 0.2638509360
254 0.2640985260
255 0.2643461160
256 0.2645937060
257 0.2648412960
258 0.2650888860
259 0.2653364760
260 0.2655840660
261 0.2658316560
262 0.2660792460
263 0.2663268360
264 0.2665744260
265 0.2668220160
266 0.2670696060
267 0.2673171960
268 0.2675647860
269 0.2678123760
270 0.2680599660
271 0.2683075560
272 0.2685551460
273 0.2688027360
274 0.2690503260
275 0.2692979160
276 0.2695455060
277 0.2697930960
278 0.2700406860
279 0.2702882760
280 0.2705358660
281 0.2707834560
282 0.2710310460
283 0.2712786360
284 0.2715262260
285 0.2717738160
286 0.2720214060
287 0.2722689960
288 0.2725165860
289 0.2727641760
290 0.2730117660
291 0.2732593560
292 0.2735069460
293 0.2737545360
294 0.2740021260
295 0.2742497160
296 0.2744973060
297 0.2747448960
298 0.2749924860
299 0.2752400760
300 0.2754876660
301 0.2757352560
302 0.2759828460
303 0.2762304360
304 0.2764780260
305 0.2767256160
306 0.2769732060
307 0.2772207960
308 0.2774683860
309 0.2777159760
310 0.2779635660
311 0.2782111560
312 0.2784587460
313 0.2787063360
314 0.2789539260
315 0.2792015160
316 0.2794491060
317 0.2796966960
318 0.2799442860
319 0.2801918760
320 0.2804394660
321 0.2806870560
322 0.2809346460
323 0.2811822360
324 0.2814298260
325 0.2816774160
326 0.2819250060
327 0.2821725960
328 0.2824201860
329 0.2826677760
330 0.2829153660
331 0.2831629560
332 0.2834105460
333 0.2836581360
334 0.2839057260
335 0.2841533160
336 0.2844009060
337 0.2846484960
338 0.2848960860
339 0.2851436760
340 0.2853912660
341 0.2856388560
342 0.2858864460
343 0.2861340360
344 0.2863816260
345 0.2866292160
346 0.2868768060
347 0.2871243960
348 0.2873719860
349 0.2876195760
350 0.2878671660
351 0.2881147560
352 0.2883623460
353 0.2886099360
354 0.2888575260
355 0.2891051160
356 0.2893527060
357 0.2896002960
358 0.2898478860
359 0.2900954760
360 0.2903430660
361 0.2905906560
362 0.2908382460
363 0.2910858360
364 0.2913334260
365 0.2915810160
366 0.2918286060
367 0.2920761960
368 0.2923237860
369 0.2925713760
370 0.2928189660
371 0.2930665560
372 0.2933141460
373 0.2935617360
374 0.2938093260
375 0.2940569160
376 0.2943045060
377 0.2945520960
378 0.2947996860
379 0.2950472760
380 0.2952948660
381 0.2955424560
382 0.2957900460
383 0.2960376360
384 0.2962852260
385 0.2965328160
386 0.2967804060
387 0.2970279960
388 0.2972755860
389 0.2975231760
390 0.2977707660
391 0.2980183560
392 0.2982659460
393 0.2985135360
394 0.2987611260
395 0.2990087160
396 0.2992563060
397 0.2995038960
398 0.2997514860
399 0.2999990760
400 0.3002466660
401 0.3004942560
402 0.3007418460
403 0.3009894360
404 0.3012370260
405 0.3014846160
406 0.3017322060
407 0.3019797960
408 0.3022273860
409 0.3024749760
410 0.3027225660
411 0.3029701560
412 0.3032177460
413 0.3034653360
414 0.3037129260
415 0.3039605160
416 0.3042081060
417 0.3044556960
418 0.3047032860
419 0.3049508760
420 0.3051984660
421 0.3054460560
422 0.3056936460
423 0.3059412360
424 0.3061888260
425 0.3064364160
426 0.3066840060
427 0.3069315960
428 0.3071791860
429 0.3074267760
430 0.3076743660
431 0.3079219560
432 0.3081695460
433 0.3084171360
434 0.3086647260
435 0.3089123160
436 0.3091599060
437 0.3094074960
438 0.3096550860
439 0.3099026760
440 0.3101502660
441 0.3103978560
442 0.3106454460
443 0.3108930360
444 0.3111406260
445 0.3113882160
446 0.3116358060
447 0.3118833960
448 0.3121309860
449 0.3123785760
450 0.3126261660
451 0.3128737560
452 0.3131213460
453 0.3133689360
454 0.3136165260
455 0.3138641160
456 0.3141117060
457 0.3143592960
458 0.3146068860
459 0.3148544760
460 0.3151020660
461 0.3153496560
462 0.3155972460
463 0.3158448360
464 0.3160924260
465 0.3163400160
466 0.3165876060
467 0.3168351960
468 0.3170827860
469 0.3173303760
470 0.3175779660
471 0.3178255560
472 0.3180731460
473 0.3183207360
474 0.3185683260
475 0.3188159160
476 0.3190635060
477 0.3193110960
478 0.3195586860
479 0.3198062760
480 0.3200538660
481 0.3203014560
482 0.3205490460
483 0.3207966360
484 0.3210442260
485 0.3212918160
486 0.3215394060
487 0.3217869960
488 0.3220345860
489 0.3222821760
490 0.3225297660
491 0.3227773560
492 0.3230249460
493 0.3232725360
494 0.3235201260
495 0.3237677160
496 0.3240153060
497 0.3242628960
498 0.3245104860
499 0.3247580760
500 0.3250056660
501 0.3252532560
502 0.3255008460
503 0.3257484360
504 0.3259960260
505 0.3262436160
506 0.3264912060
507 0.3267387960
508 0.3269863860
509 0.3272339760
510 0.3274815660
511 0.3277291560
512 0.3279767460
513 0.3282243360
514 0.3284719260
515 0.3287195160
516 0.3289671060
517 0.3292146960
518 0.3294622860
519 0.3297098760
520 0.3299574660
521 0.3302050560
522 0.3304526460
523 0.3307002360
524 0.3309478260
525 0.3311954160
526 0.3314430060
527 0.3316905960
528 0.3319381860
529 0.3321857760
530 0.3324333660
531 0.3326809560
532 0.3329285460
533 0.3331761360
534 0.3334237260
535 0.3336713160
536 0.3339189060
537 0.3341664960
538 0.3344140860
539 0.3346616760
540 0.3349092660
541 0.3351568560
542 0.3354044460
543 0.3356520360
544 0.3358996260
545 0.3361472160
546 0.3363948060
547 0.3366423960
548 0.3368899860
549 0.3371375760
550 0.3373851660
551 0.3376327560
552 0.3378803460
553 0.3381279360
554 0.3383755260
555 0.3386231160
556 0.3388707060
557 0.3391182960
558 0.3393658860
559 0.3396134760
560 0.3398610660
561 0.3401086560
562 0.3403562460
563 0.3406038360
564 0.3408514260
565 0.3410990160
566 0.3413466060
567 0.3415941960
568 0.3418417860
569 0.3420893760
570 0.3423369660
571 0.3425845560
572 0.3428321460
573 0.3430797360
574 0.3433273260
575 0.3435749160
576 0.3438225060
577 0.3440700960
578 0.3443176860
579 0.3445652760
580 0.3448128660
581 0.3450604560
582 0.3453080460
583 0.3455556360
584 0.3458032260
585 0.3460508160
586 0.3462984060
587 0.3465459960
588 0.3467935860
589 0.3470411760
590 0.3472887660
591 0.3475363560
592 0.3477839460
593 0.3480315360
594 0.3482791260
595 0.3485267160
596 0.3487743059
597 0.3490218959
598 0.3492694859
599 0.3495170759
600 0.3497646659
601 0.3500122559
602 0.3502598459
603 0.3505074359
604 0.3507550259
605 0.3510026159
606 0.3512502059
607 0.3514977959
608 0.3517453860
609 0.3519929760
610 0.3522405660
611 0.3524881560
612 0.3527357460
613 0.3529833360
614 0.3532309260
615 0.3534785160
616 0.3537261060
617 0.3539736960
618 0.3542212860
619 0.3544688760
620 0.3547164660
621 0.3549640560
622 0.3552116460
623 0.3554592360
624 0.3557068260
625 0.3559544160
626 0.3562020060
627 0.3564495960
628 0.3566971860
629 0.3569447760
630 0.3571923660
631 0.3574399560
632 0.3576875460
633 0.3579351360
634 0.3581827260
635 0.3584303160
636 0.3586779060
637 0.3589254960
638 0.3591730860
639 0.3594206760
640 0.3596682660
641 0.3599158560
642 0.3601634460
643 0.3604110360
644 0.3606586260
645 0.3609062160
646 0.3611538060
647 0.3614013960
648 0.3616489860
649 0.3618965760
650 0.3621441660
651 0.3623917560
652 0.3626393460
653 0.3628869360
654 0.3631345260
655 0.3633821160
656 0.3636297060
657 0.3638772960
658 0.3641248860
659 0.3643724760
660 0.3646200660
661 0.3648676560
662 0.3651152460
663 0.3653628360
664 0.3656104260
665 0.3658580160
666 0.3661056060
667 0.3663531960
668 0.3666007860
669 0.3668483760
670 0.3670959660
671 0.3673435560
672 0.3675911460
673 0.3678387360
674 0.3680863260
675 0.3683339160
676 0.3685815060
677 0.3688290960
678 0.3690766860
679 0.3693242760
680 0.3695718660
681 0.3698194560
682 0.3700670460
683 0.3703146360
684 0.3705622260
685 0.3708098160
686 0.3710574060
687 0.3713049960
688 0.3715525860
689 0.3718001760
690 0.3720477660
691 0.3722953560
692 0.3725429460
693 0.3727905360
694 0.3730381260
695 0.3732857160
696 0.3735333060
697 0.3737808960
698 0.3740284860
699 0.3742760760
700 0.3745236660
701 0.3747712560
702 0.3750188460
703 0.3752664360
704 0.3755140260
705 0.3757616160
706 0.3760092060
707 0.3762567960
708 0.3765043860
709 0.3767519760
710 0.3769995660
711 0.3772471560
712 0.3774947460
713 0.3777423360
714 0.3779899260
715 0.3782375160
716 0.3784851060
717 0.3787326960
718 0.3789802860
719 0.3792278760
720 0.3794754660
721 0.3797230560
722 0.3799706460
723 0.3802182360
724 0.3804658260
725 0.3807134160
726 0.3809610060
727 0.3812085960
728 0.3814561860
729 0.3817037760
730 0.3819513660
731 0.3821989560
732 0.3824465460
733 0.3826941360
734 0.3829417260
735 0.3831893160
736 0.3834369060
737 0.3836844960
738 0.3839320860
739 0.3841796760
740 0.3844272660
741 0.3846748560
742 0.3849224460
743 0.3851700360
744 0.3854176260
745 0.3856652160
746 0.3859128060
747 0.3861603960
748 0.3864079860
749 0.3866555760
750 0.3869031660
751 0.3871507560
752 0.3873983460
753 0.3876459360
754 0.3878935260
755 0.3881411160
756 0.3883887060
757 0.3886362960
758 0.3888838860
759 0.3891314760
760 0.3893790660
761 0.3896266560
762 0.3898742460
763 0.3901218360
764 0.3903694260
765 0.3906170160
766 0.3908646060
767 0.3911121960
768 0.3913597860
769 0.3916073760
770 0.3918549660
771 0.3921025560
772 0.3923501460
773 0.3925977360
774 0.3928453260
775 0.3930929159
776 0.3933405059
777 0.3935880959
778 0.3938356859
779 0.3940832759
780 0.3943308659
781 0.3945784559
782 0.3948260459
783 0.3950736359
784 0.3953212259
785 0.3955688159
786 0.3958164059
787 0.3960639959
788 0.3963115859
789 0.3965591759
790 0.3968067659
791 0.3970543559
792 0.3973019459
793 0.3975495359
794 0.3977971259
795 0.3980447159
796 0.3982923059
797 0.3985398959
798 0.3987874859
799 0.3990350759
800 0.3992826659
801 0.3995302559
802 0.3997778459
803 0.4000254359
804 0.4002730259
805 0.4005206159
806 0.4007682059
807 0.4010157959
808 0.4012633859
809 0.4015109759
810 0.4017585659
811 0.4020061559
812 0.4022537459
813 0.4025013359
814 0.4027489259
815 0.4029965159
816 0.4032441059
817 0.4034916959
818 0.4037392859
819 0.4039868759
820 0.4042344659
821 0.4044820559
822 0.4047296459
823 0.4049772359
824 0.4052248259
825 0.4054724159
826 0.4057200059
827 0.4059675959
828 0.4062151859
829 0.4064627759
830 0.4067103659
831 0.4069579559
832 0.4072055459
833 0.4074531359
834 0.4077007259
835 0.4079483159
836 0.4081959059
837 0.4084434959
838 0.4086910859
839 0.4089386759
840 0.4091862659
841 0.4094338559
842 0.4096814459
843 0.4099290359
844 0.4101766259
845 0.4104242159
846 0.4106718059
847 0.4109193959
848 0.4111669859
849 0.4114145759
850 0.4116621659
851 0.4119097559
852 0.4121573459
853 0.4124049359
854 0.4126525259
855 0.4129001159
856 0.4131477059
857 0.4133952959
858 0.4136428859
859 0.4138904759
860 0.4141380659
861 0.4143856559
862 0.4146332459
863 0.4148808359
864 0.4151284259
865 0.4153760159
866 0.4156236059
867 0.4158711959
868 0.4161187859
869 0.4163663759
870 0.4166139659
871 0.4168615559
872 0.4171091459
873 0.4173567359
874 0.4176043259
875 0.4178519159
876 0.4180995059
877 0.4183470959
878 0.4185946859
879 0.4188422759
880 0.4190898659
881 0.4193374559
882 0.4195850459
883 0.4198326359
884 0.4200802259
885 0.4203278159
886 0.4205754059
887 0.4208229959
888 0.4210705859
889 0.4213181759
890 0.4215657659
891 0.4218133559
892 0.4220609459
893 0.4223085359
894 0.4225561259
895 0.4228037159
896 0.4230513059
897 0.4232988959
898 0.4235464859
899 0.4237940759
900 0.4240416659
901 0.4242892559
902 0.4245395969
903 0.4247871869
904 0.4250347769
905 0.4252823669
906 0.4255299569
907 0.4257775469
908 0.4260251369
909 0.4262727269
910 0.4265203169
911 0.4267679069
912 0.4270154969
913 0.4272630869
914 0.4275106769
915 0.4277582669
916 0.4280058569
917 0.4282534469
918 0.4285010369
919 0.4287486269
920 0.4289962169
921 0.4292438069
922 0.4294913969
923 0.4297389869
924 0.4299865769
925 0.4302341669
926 0.4304817569
927 0.4307293469
928 0.4309769369
929 0.4312245269
930 0.4314721169
931 0.4317197069
932 0.4319672969
933 0.4322148869
934 0.4324624769
935 0.4327100669
936 0.4329576569
937 0.4332052469
938 0.4334528369
939 0.4337004269
940 0.4339480169
941 0.4341956069
942 0.4344431969
943 0.4346907869
944 0.4349383769
945 0.4351859669
946 0.4354335569
947 0.4356811469
948 0.4359287369
949 0.4361763269
950 0.4364239169
951 0.4366715069
952 0.4369190969
953 0.4371666869
954 0.4374142769
955 0.4376618669
956 0.4379094569
957 0.4381570469
958 0.4384046369
959 0.4386522269
960 0.4388998169
961 0.4391474069
962 0.4393949969
963 0.4396425869
964 0.4398901769
965 0.4401377669
966 0.4403853569
967 0.4406329469
968 0.4408805369
969 0.4411281269
970 0.4413757169
971 0.4416233069
972 0.4418708969
973 0.4421184869
974 0.4423660769
975 0.4426136669
976 0.4428612569
977 0.4431088469
978 0.4433564369
979 0.4436040269
980 0.4438516169
981 0.4440992069
982 0.4443467969
983 0.4445943869
984 0.4448419769
985 0.4450895669
986 0.4453371569
987 0.4455847469
988 0.4458323369
989 0.4460799269
990 0.4463275169
991 0.4465751069
992 0.4468226969
993 0.4470702869
994 0.4473178769
995 0.4475654669
996 0.4478130569
997 0.4480606469
998 0.4483082369
999 0.4485558269
1000 0.4488034169
2000 0.6963934169
3000 0.9439834168
4000 1.1915734171
5000 1.4391606662
6000 1.6867506663
7000 1.9343406665
8000 2.1819306662
9000 2.4295206660
10000 2.6771106658
11000 2.9247006658
12000 3.1722906656
13000 3.4198806656
14000 3.6674706656
15000 3.9150606654
16000 4.1626506658
17000 4.4102406659
18000 4.6578306662
19000 4.9054234173
20000 5.1530134173
21000 5.4006034178
22000 5.6481934178
23000 5.8957834178
24000 6.1433734178
25000 6.3909634181
26000 6.6385534181
27000 6.8861461691
28000 7.1337361691
29000 7.3813261691
30000 7.6289161695
31000 7.8765061696
32000 8.1240961696
33000 8.3716861687
34000 8.6192761687
35000 8.8668661686
36000 9.1144561686
37000 9.3620461680
38000 9.6096361680
39000 9.8572261679
40000 10.1048161679
41000 10.3524061678
42000 10.5999961671
43000 10.8475861670
44000 11.0951761670
45000 11.3427661669
46000 11.5903561669
47000 11.8379461669
48000 12.0855361668
49000 12.3331261664
50000 12.5807161664
51000 12.8283061664
52000 13.0758961663
53000 13.3234861663
54000 13.5710761662
55000 13.8186661662
56000 14.0662561662
57000 14.3138461661
58000 14.5614361661
59000 14.8090261655
60000 15.0566161655
61000 15.3042061654
62000 15.5517961654
63000 15.7993861654
64000 16.0469761654
65000 16.2945661653
66000 16.5421561653
67000 16.7897461653
68000 17.0373361652
69000 17.2849261652
70000 17.5325161652
71000 17.7801061651
72000 18.0276961651
73000 18.2752861651
74000 18.5228761647
75000 18.7704661647
76000 19.0180561647
77000 19.2656434137
78000 19.5132334136
79000 19.7608234136
80000 20.0084134136
81000 20.2560034136
82000 20.5035934135
83000 20.7511834135
84000 20.9987734135
85000 21.2463634135
86000 21.4939534135
87000 21.7415434134
88000 21.9891334134
89000 22.2367234134
90000 22.4843134134
91000 22.7319034133
92000 22.9794934133
93000 23.2270834133
94000 23.4746734133
95000 23.7222634132
96000 23.9698534132
97000 24.2174434132
98000 24.4650334132
99000 24.7126234130
100000 24.9602134129
101000 25.2078034129
102000 25.4553934129
103000 25.7029834129
104000 25.9505734129
105000 26.1981634129
106000 26.4457534129
107000 26.6933434128
108000 26.9409306618
109000 27.1885206618
110000 27.4361106618
111000 27.6837006618
112000 27.9312906618
113000 28.1788806618
114000 28.4264706617
115000 28.6740606617
116000 28.9216506617
117000 29.1692406617
118000 29.4168306617
119000 29.6644206617
120000 29.8806797457
121000 29.8791003557
122000 29.8791003557
123000 29.8791003557
124000 29.8791003557
125000 29.8791003557
126000 29.8791003557
127000 29.8791003557
128000 29.8791003557
129000 29.8791003557
130000 29.8791003557
