10 0.1997485150
20 0.1997485150
30 0.1997485150
40 0.1977714130
50 0.1977714130
60 0.1977714130
70 0.1977714130
80 0.1977714130
90 0.1977714130
100 0.1977714130
110 0.1977714130
120 0.1977714130
130 0.1977714130
140 0.1977714130
150 0.1977714130
160 0.1977714130
170 0.1977714130
180 0.1977714130
190 0.2534671310
200 0.2534671310
210 0.2534671310
220 0.2534671310
230 0.2534671310
240 0.3091517130
250 0.3091517130
260 0.3647789309
270 0.3647789309
280 0.3647789309
290 0.3647789309
300 0.4204266009
310 0.4204266009
320 0.5316290450
330 0.6984563070
340 0.6984563070
350 0.6984563070
