0 0.6932125710
1 0.6960723450
2 0.6987456120
3 0.7014215820
4 0.7040975520
5 0.7067762250
6 0.7094521950
7 0.7121281650
8 0.7148041350
9 0.7174801050
10 0.7201560750
11 0.7228320450
12 0.7255080150
13 0.7281839850
14 0.7308599550
15 0.7335359250
16 0.7362118950
17 0.7388878650
18 0.7415638350
19 0.7442371020
20 0.7469130720
21 0.7495890420
22 0.7522650120
23 0.7549409820
24 0.7576169520
25 0.7602929220
26 0.7629688920
27 0.7656448620
28 0.7683208320
29 0.7709968020
30 0.7736727720
31 0.7763487420
32 0.7790247120
33 0.7817006820
34 0.7843766520
35 0.7870526220
36 0.7897285920
37 0.7924045620
38 0.7950805320
39 0.7977565020
40 0.8004324720
41 0.8031084420
42 0.8057844120
43 0.8084603820
44 0.8111363520
45 0.8138123220
46 0.8164882920
47 0.8191642620
48 0.8218402320
49 0.8245162020
50 0.8271921720
51 0.8298681420
52 0.8325441120
53 0.8352200820
54 0.8378960520
55 0.8405720220
56 0.8432479920
57 0.8459239619
58 0.8485999319
59 0.8512759019
60 0.8539518719
61 0.8566278419
62 0.8593038119
63 0.8619797819
64 0.8646557519
65 0.8673317219
66 0.8700076919
67 0.8726836619
68 0.8753596319
69 0.8780356019
70 0.8807115719
71 0.8833875419
72 0.8860635119
73 0.8887394819
74 0.8914154519
75 0.8940914219
76 0.8967700949
77 0.8994130059
78 0.9020619459
79 0.9047108859
80 0.9073267669
81 0.9099156179
82 0.9124470829
83 0.9149217849
84 0.9174085449
85 0.9198953049
86 0.9223186499
87 0.9247182909
88 0.9269418249
89 0.9291522559
90 0.9313053009
91 0.9334677009
92 0.9356301009
93 0.9377398979
94 0.9396053899
95 0.9413249199
96 0.9427506569
97 0.9439499649
98 0.9449093289
99 0.9457183599
100 0.9464934979
101 0.9472389029
102 0.9479572779
103 0.9486263759
104 0.9492351569
105 0.9498027869
106 0.9503704169
107 0.9508821179
108 0.9513686579
109 0.9518019719
110 0.9521959869
111 0.9525629719
112 0.9528921149
113 0.9532164749
114 0.9535408349
115 0.9538537599
116 0.9541510899
117 0.9544484199
118 0.9547235029
119 0.9549938029
120 0.9552641029
121 0.9555344029
122 0.9558047029
123 0.9560750029
124 0.9563453029
125 0.9566156029
126 0.9568859029
127 0.9571562029
128 0.9574265029
129 0.9576968029
130 0.9579671029
131 0.9582374029
132 0.9585077029
133 0.9587780029
134 0.9590483029
135 0.9593186029
136 0.9595889029
137 0.9598592029
138 0.9601295029
139 0.9603998029
140 0.9606701029
141 0.9609404029
142 0.9612107029
143 0.9614810029
144 0.9617513029
145 0.9620216029
146 0.9622919029
147 0.9625622029
148 0.9628325029
149 0.9631028029
150 0.9633731029
151 0.9636434029
152 0.9639137029
153 0.9641840029
154 0.9644543029
155 0.9647246029
156 0.9649949029
157 0.9652652029
158 0.9655355029
159 0.9658058029
160 0.9660761029
161 0.9663464029
162 0.9666167029
163 0.9668870029
164 0.9671573029
165 0.9674276029
166 0.9676979029
167 0.9679682029
168 0.9682385029
169 0.9685088029
170 0.9687791029
171 0.9690494029
172 0.9693197029
173 0.9695900029
174 0.9698603029
175 0.9701306029
176 0.9704009029
177 0.9706712029
178 0.9709415029
179 0.9712118029
180 0.9714821029
181 0.9717524029
182 0.9720227029
183 0.9722930029
184 0.9725633029
185 0.9728336029
186 0.9731039029
187 0.9733742029
188 0.9736445029
189 0.9739148029
190 0.9741851029
191 0.9744554029
192 0.9747257029
193 0.9749960029
194 0.9752663029
195 0.9755366029
196 0.9758069029
197 0.9760772029
198 0.9763475029
199 0.9766178029
200 0.9768881029
201 0.9771584029
202 0.9774287029
203 0.9776990029
204 0.9779693029
205 0.9782396029
206 0.9785099029
207 0.9787802029
208 0.9790505029
209 0.9793208029
210 0.9795911029
211 0.9798614029
212 0.9801317029
213 0.9804020029
214 0.9806723029
215 0.9809426029
216 0.9812129029
217 0.9814832029
218 0.9817535029
219 0.9820238029
220 0.9822941029
221 0.9825644029
222 0.9828347029
223 0.9831050029
224 0.9833753029
225 0.9836456029
226 0.9839159029
227 0.9841862029
228 0.9844565029
229 0.9847268029
230 0.9849971029
231 0.9852674029
232 0.9855377029
233 0.9858080029
234 0.9860783029
235 0.9863486029
236 0.9866189029
237 0.9868892029
238 0.9871595029
239 0.9874298029
240 0.9877001029
241 0.9879704029
242 0.9882407029
243 0.9885110029
244 0.9887813029
245 0.9890516029
246 0.9893219029
247 0.9895922029
248 0.9898625029
249 0.9901328029
250 0.9904031029
251 0.9906734029
252 0.9909437029
253 0.9912140029
254 0.9914843029
255 0.9917546029
256 0.9920249029
257 0.9922952029
258 0.9925655029
259 0.9928358029
260 0.9931061029
261 0.9933764029
262 0.9936467029
263 0.9939170029
264 0.9941873029
265 0.9944576029
266 0.9947279029
267 0.9949982029
268 0.9952685029
269 0.9955388029
270 0.9958091029
271 0.9960794029
272 0.9963497029
273 0.9966200029
274 0.9968903029
275 0.9971606029
276 0.9974309029
277 0.9977012029
278 0.9979715029
279 0.9982418029
280 0.9985121029
281 0.9987824029
282 0.9990527029
283 0.9993230029
284 0.9995933029
285 0.9998636029
286 1.0001339029
287 1.0004042029
288 1.0006745029
289 1.0009448029
290 1.0012151029
291 1.0014854029
292 1.0017557029
293 1.0020260029
294 1.0022963029
295 1.0025666029
296 1.0028369029
297 1.0031072029
298 1.0033775029
299 1.0036478029
300 1.0039181029
301 1.0041884029
302 1.0044559999
303 1.0047262999
304 1.0049965999
305 1.0052668999
306 1.0055371999
307 1.0058074999
308 1.0060777999
309 1.0063480999
310 1.0066183999
311 1.0068886999
312 1.0071589999
313 1.0074292999
314 1.0076995999
315 1.0079698999
316 1.0082401999
317 1.0085104999
318 1.0087807999
319 1.0090510999
320 1.0093213999
321 1.0095916999
322 1.0098619999
323 1.0101322999
324 1.0104025999
325 1.0106728999
326 1.0109431999
327 1.0112134999
328 1.0114837999
329 1.0117540999
330 1.0120243999
331 1.0122946999
332 1.0125649999
333 1.0128352999
334 1.0131055999
335 1.0133758999
336 1.0136461999
337 1.0139164999
338 1.0141867999
339 1.0144570999
340 1.0147273999
341 1.0149976999
342 1.0152679999
343 1.0155382999
344 1.0158085999
345 1.0160788999
346 1.0163491999
347 1.0166194999
348 1.0168897999
349 1.0171600999
350 1.0174303999
351 1.0177006999
352 1.0179709999
353 1.0182412999
354 1.0185115999
355 1.0187818999
356 1.0190521999
357 1.0193224999
358 1.0195927999
359 1.0198630999
360 1.0201333999
361 1.0204036999
362 1.0206739999
363 1.0209442999
364 1.0212145999
365 1.0214848999
366 1.0217551999
367 1.0220254999
368 1.0222957999
369 1.0225660999
370 1.0228363999
371 1.0231066999
372 1.0233769999
373 1.0236472999
374 1.0239175999
375 1.0241878999
376 1.0244581999
377 1.0247284999
378 1.0249987999
379 1.0252690999
380 1.0255393999
381 1.0258096999
382 1.0260799999
383 1.0263502999
384 1.0266205999
385 1.0268908999
386 1.0271611999
387 1.0274314999
388 1.0277017999
389 1.0279720999
390 1.0282423999
391 1.0285126999
392 1.0287829999
393 1.0290532999
394 1.0293235999
395 1.0295938999
396 1.0298641999
397 1.0301344999
398 1.0304047999
399 1.0306750999
400 1.0309453999
401 1.0312156999
402 1.0314859999
403 1.0317562999
404 1.0320265999
405 1.0322968999
406 1.0325671999
407 1.0328374999
408 1.0331077999
409 1.0333780999
410 1.0336483999
411 1.0339186999
412 1.0341889999
413 1.0344592999
414 1.0347295999
415 1.0349998999
416 1.0352701999
417 1.0355404999
418 1.0358107999
419 1.0360810999
420 1.0363513999
421 1.0366216999
422 1.0368919999
423 1.0371622999
424 1.0374325999
425 1.0377028999
426 1.0379731999
427 1.0382434999
428 1.0385137999
429 1.0387840999
430 1.0390543999
431 1.0393246999
432 1.0395949999
433 1.0398652999
434 1.0401355999
435 1.0404058999
436 1.0406761999
437 1.0409464999
438 1.0412167999
439 1.0414870999
440 1.0417573999
441 1.0420276999
442 1.0422979999
443 1.0425682999
444 1.0428385999
445 1.0431088999
446 1.0433791999
447 1.0436494999
448 1.0439197999
449 1.0441900999
450 1.0444603999
451 1.0447306999
452 1.0450009999
453 1.0452712999
454 1.0455415999
455 1.0458118999
456 1.0460821999
457 1.0463524999
458 1.0466227999
459 1.0468930999
460 1.0471633999
461 1.0474336999
462 1.0477039999
463 1.0479742999
464 1.0482445999
465 1.0485148999
466 1.0487851999
467 1.0490554999
468 1.0493257999
469 1.0495960999
470 1.0498663999
471 1.0501366999
472 1.0504069999
473 1.0506772999
474 1.0509475999
475 1.0512178999
476 1.0514881999
477 1.0517584999
478 1.0520287999
479 1.0522990999
480 1.0525693999
481 1.0528396999
482 1.0531099999
483 1.0533802999
484 1.0536505999
485 1.0539208999
486 1.0541911999
487 1.0544614999
488 1.0547317999
489 1.0550020999
490 1.0552723999
491 1.0555426999
492 1.0558129999
493 1.0560832999
494 1.0563535999
495 1.0566238999
496 1.0568941999
497 1.0571644999
498 1.0574347999
499 1.0577050999
500 1.0579753999
501 1.0582456999
502 1.0585159999
503 1.0587862999
504 1.0590565999
505 1.0593268999
506 1.0595971999
507 1.0598674999
508 1.0601377999
509 1.0604080999
510 1.0606783999
511 1.0609486999
512 1.0612189999
513 1.0614892999
514 1.0617595999
515 1.0620298999
516 1.0623001999
517 1.0625704999
518 1.0628407999
519 1.0631110999
520 1.0633813999
521 1.0636516999
522 1.0639219999
523 1.0641922999
524 1.0644625999
525 1.0647328999
526 1.0650031999
527 1.0652734999
528 1.0655437999
529 1.0658140999
530 1.0660843999
531 1.0663546999
532 1.0666249999
533 1.0668952999
534 1.0671655999
535 1.0674358999
536 1.0677061999
537 1.0679764999
538 1.0682467999
539 1.0685170999
540 1.0687873999
541 1.0690576999
542 1.0693279999
543 1.0695982999
544 1.0698685999
545 1.0701388999
546 1.0704091999
547 1.0706794999
548 1.0709497999
549 1.0712200999
550 1.0714903999
551 1.0717606999
552 1.0720309999
553 1.0723012999
554 1.0725715999
555 1.0728418999
556 1.0731121999
557 1.0733824999
558 1.0736527999
559 1.0739230999
560 1.0741933999
561 1.0744636999
562 1.0747339999
563 1.0750042999
564 1.0752745999
565 1.0755448999
566 1.0758151999
567 1.0760854999
568 1.0763557999
569 1.0766260999
570 1.0768963999
571 1.0771666999
572 1.0774369999
573 1.0777072999
574 1.0779775999
575 1.0782478999
576 1.0785181999
577 1.0787884999
578 1.0790587999
579 1.0793290999
580 1.0795993999
581 1.0798696999
582 1.0801399999
583 1.0804102999
584 1.0806805999
585 1.0809508999
586 1.0812211999
587 1.0814914999
588 1.0817617999
589 1.0820320999
590 1.0823023999
591 1.0825726999
592 1.0828429999
593 1.0831132999
594 1.0833835999
595 1.0836538999
596 1.0839241999
597 1.0841944999
598 1.0844647999
599 1.0847350999
600 1.0850053999
601 1.0852756999
602 1.0855459999
603 1.0858162999
604 1.0860865999
605 1.0863568999
606 1.0866271999
607 1.0868974999
608 1.0871677999
609 1.0874380999
610 1.0877083999
611 1.0879786999
612 1.0882489999
613 1.0885192999
614 1.0887895999
615 1.0890598999
616 1.0893301999
617 1.0896004999
618 1.0898707999
619 1.0901410999
620 1.0904113999
621 1.0906816999
622 1.0909519999
623 1.0912222999
624 1.0914925999
625 1.0917628999
626 1.0920331999
627 1.0923034999
628 1.0925737999
629 1.0928440999
630 1.0931143999
631 1.0933846999
632 1.0936549999
633 1.0939252999
634 1.0941955999
635 1.0944658999
636 1.0947361999
637 1.0950064999
638 1.0952767999
639 1.0955470999
640 1.0958173999
641 1.0960876999
642 1.0963579999
643 1.0966282999
644 1.0968985999
645 1.0971688999
646 1.0974391999
647 1.0977094999
648 1.0979797999
649 1.0982500999
650 1.0985203999
651 1.0987906999
652 1.0990609999
653 1.0993312999
654 1.0996015999
655 1.0998718999
656 1.1001421999
657 1.1004124999
658 1.1006827999
659 1.1009530999
660 1.1012233999
661 1.1014936999
662 1.1017639999
663 1.1020342999
664 1.1023045999
665 1.1025748999
666 1.1028451999
667 1.1031154999
668 1.1033857999
669 1.1036560999
670 1.1039263999
671 1.1041966999
672 1.1044669999
673 1.1047372999
674 1.1050075999
675 1.1052778999
676 1.1055481999
677 1.1058184999
678 1.1060887999
679 1.1063590999
680 1.1066293999
681 1.1068996999
682 1.1071699999
683 1.1074402999
684 1.1077105999
685 1.1079808999
686 1.1082511999
687 1.1085214999
688 1.1087917999
689 1.1090620999
690 1.1093323999
691 1.1096026999
692 1.1098729999
693 1.1101432999
694 1.1104135999
695 1.1106838999
696 1.1109541999
697 1.1112244999
698 1.1114947999
699 1.1117650999
700 1.1120353999
701 1.1123056999
702 1.1125759999
703 1.1128462999
704 1.1131165999
705 1.1133868999
706 1.1136571999
707 1.1139274999
708 1.1141977999
709 1.1144680999
710 1.1147383999
711 1.1150086999
712 1.1152789999
713 1.1155492999
714 1.1158195999
715 1.1160898999
716 1.1163601999
717 1.1166304999
718 1.1169007999
719 1.1171710999
720 1.1174413999
721 1.1177116999
722 1.1179819999
723 1.1182522999
724 1.1185225999
725 1.1187928999
726 1.1190631999
727 1.1193334999
728 1.1196037999
729 1.1198740999
730 1.1201443999
731 1.1204146999
732 1.1206849999
733 1.1209552999
734 1.1212255999
735 1.1214958999
736 1.1217661999
737 1.1220364999
738 1.1223067999
739 1.1225770999
740 1.1228473999
741 1.1231176999
742 1.1233879999
743 1.1236582999
744 1.1239285999
745 1.1241988999
746 1.1244691999
747 1.1247394999
748 1.1250097999
749 1.1252800999
750 1.1255503999
751 1.1258206999
752 1.1260909999
753 1.1263612999
754 1.1266315999
755 1.1269018999
756 1.1271721999
757 1.1274424999
758 1.1277127999
759 1.1279830999
760 1.1282533999
761 1.1285236999
762 1.1287939999
763 1.1290642999
764 1.1293345999
765 1.1296048999
766 1.1298751999
767 1.1301454999
768 1.1304157999
769 1.1306860999
770 1.1309563999
771 1.1312266999
772 1.1314969999
773 1.1317672999
774 1.1320375999
775 1.1323078999
776 1.1325781999
777 1.1328484999
778 1.1331187999
779 1.1333890999
780 1.1336593999
781 1.1339296999
782 1.1341999999
783 1.1344702999
784 1.1347405999
785 1.1350108999
786 1.1352811999
787 1.1355514999
788 1.1358217999
789 1.1360920999
790 1.1363623999
791 1.1366326999
792 1.1369029999
793 1.1371732999
794 1.1374435999
795 1.1377138999
796 1.1379841999
797 1.1382544999
798 1.1385247999
799 1.1387950999
800 1.1390653999
801 1.1393356999
802 1.1396059999
803 1.1398762999
804 1.1401465999
805 1.1404168999
806 1.1406871999
807 1.1409574999
808 1.1412277999
809 1.1414980999
810 1.1417683999
811 1.1420386999
812 1.1423089999
813 1.1425792999
814 1.1428495999
815 1.1431198999
816 1.1433901999
817 1.1436604999
818 1.1439307999
819 1.1442010999
820 1.1444713999
821 1.1447416999
822 1.1450119999
823 1.1452822999
824 1.1455525999
825 1.1458228999
826 1.1460931999
827 1.1463634999
828 1.1466337999
829 1.1469040999
830 1.1471743999
831 1.1474446999
832 1.1477149999
833 1.1479852999
834 1.1482555999
835 1.1485258999
836 1.1487961999
837 1.1490664999
838 1.1493367999
839 1.1496070999
840 1.1498773999
841 1.1501476999
842 1.1504179999
843 1.1506882999
844 1.1509585999
845 1.1512288999
846 1.1514991999
847 1.1517694999
848 1.1520397999
849 1.1523100999
850 1.1525803999
851 1.1528506999
852 1.1531209999
853 1.1533912999
854 1.1536615999
855 1.1539318999
856 1.1542021999
857 1.1544724999
858 1.1547427999
859 1.1550130999
860 1.1552833999
861 1.1555536999
862 1.1558239999
863 1.1560942999
864 1.1563645999
865 1.1566348999
866 1.1569051999
867 1.1571754999
868 1.1574457999
869 1.1577160999
870 1.1579863999
871 1.1582566999
872 1.1585269999
873 1.1587972999
874 1.1590675999
875 1.1593378999
876 1.1596081999
877 1.1598784999
878 1.1601487999
879 1.1604190999
880 1.1606893999
881 1.1609596999
882 1.1612299999
883 1.1615002999
884 1.1617705999
885 1.1620408999
886 1.1623111999
887 1.1625814999
888 1.1628517999
889 1.1631220999
890 1.1633923999
891 1.1636626999
892 1.1639329999
893 1.1642032999
894 1.1644735999
895 1.1647438999
896 1.1650141999
897 1.1652844999
898 1.1655547999
899 1.1658250999
900 1.1660953999
901 1.1663656999
902 1.1666359999
903 1.1669062999
904 1.1671765999
905 1.1674468999
906 1.1677171999
907 1.1679874999
908 1.1682577999
909 1.1685280999
910 1.1687983999
911 1.1690686999
912 1.1693389999
913 1.1696092999
914 1.1698795999
915 1.1701498999
916 1.1704201999
917 1.1706904999
918 1.1709607999
919 1.1712310999
920 1.1715013999
921 1.1717716999
922 1.1720419999
923 1.1723122999
924 1.1725825999
925 1.1728528999
926 1.1731231999
927 1.1733934999
928 1.1736637999
929 1.1739340999
930 1.1742043999
931 1.1744746999
932 1.1747449999
933 1.1750152999
934 1.1752855999
935 1.1755558999
936 1.1758261999
937 1.1760964999
938 1.1763667999
939 1.1766370999
940 1.1769073999
941 1.1771776999
942 1.1774479999
943 1.1777182999
944 1.1779885999
945 1.1782588999
946 1.1785291999
947 1.1787994999
948 1.1790697999
949 1.1793400999
950 1.1796103999
951 1.1798806999
952 1.1801509999
953 1.1804212999
954 1.1806915999
955 1.1809618999
956 1.1812321999
957 1.1815024999
958 1.1817727999
959 1.1820430999
960 1.1823133999
961 1.1825836999
962 1.1828539999
963 1.1831242999
964 1.1833945999
965 1.1836648999
966 1.1839351999
967 1.1842054999
968 1.1844757999
969 1.1847460999
970 1.1850163999
971 1.1852866999
972 1.1855569999
973 1.1858272999
974 1.1860975999
975 1.1863678999
976 1.1866381999
977 1.1869084999
978 1.1871787999
979 1.1874490999
980 1.1877193999
981 1.1879896999
982 1.1882599999
983 1.1885302999
984 1.1888005999
985 1.1890708999
986 1.1893411999
987 1.1896114999
988 1.1898817999
989 1.1901520999
990 1.1904223999
991 1.1906926999
992 1.1909629999
993 1.1912332999
994 1.1914840559
995 1.1917273259
996 1.1919705959
997 1.1922138659
998 1.1924571359
999 1.1927004059
1000 1.1929436759
2000 1.4362136758
3000 1.6794836758
4000 1.9227509728
5000 2.1660209731
6000 2.4092909733
7000 2.6525609733
8000 2.8958309735
9000 3.1391009736
10000 3.3823709737
11000 3.6256409737
12000 3.8689109739
13000 4.1121809739
14000 4.3554509739
15000 4.5987209739
16000 4.8419909742
17000 5.0852609742
18000 5.3285309742
19000 5.5718036772
20000 5.8150736772
21000 6.0583436772
22000 6.3016136774
23000 6.5448836775
24000 6.7881563805
25000 7.0314263805
26000 7.2746963805
27000 7.5179663805
28000 7.7612363805
29000 8.0045063805
30000 8.2477763800
31000 8.4910463797
32000 8.7343163796
33000 8.9775863795
34000 9.2208563795
35000 9.4641263789
36000 9.7073963788
37000 9.9506663788
38000 10.1939363787
39000 10.4372063787
40000 10.6804763779
41000 10.9237463779
42000 11.1670163778
43000 11.4102863778
44000 11.6535563777
45000 11.8968263777
46000 12.1400963777
47000 12.3833663770
48000 12.6266363769
49000 12.8699063769
50000 13.1131763769
51000 13.3564463768
52000 13.5997163768
53000 13.8429863768
54000 14.0862563767
55000 14.3295263767
56000 14.5727963767
57000 14.8160663762
58000 15.0593363761
59000 15.3026063760
60000 15.5458763760
61000 15.7891463760
62000 16.0324163760
63000 16.2756863759
64000 16.5189563769
65000 16.7622263769
66000 17.0054963768
67000 17.2487663768
68000 17.4920363768
69000 17.7353063767
70000 17.9785763767
71000 18.2218463766
72000 18.4651163768
73000 18.7083863771
74000 18.9516563770
75000 19.1949263770
76000 19.4381936739
77000 19.6814636739
78000 19.9247336738
79000 20.1680036738
80000 20.4112736737
81000 20.6545436737
82000 20.8978136736
83000 21.1410836742
84000 21.3843536742
85000 21.6276236741
86000 21.8708936740
87000 22.1141636740
88000 22.3574336739
89000 22.6007036738
90000 22.8439736737
91000 23.0872436737
92000 23.3305136736
93000 23.5737836735
94000 23.8170536735
95000 24.0603236734
96000 24.3035936733
97000 24.5468609702
98000 24.7901309704
99000 25.0334009703
100000 25.2766709702
101000 25.5199409701
102000 25.7632109700
103000 26.0064809700
104000 26.2497509699
105000 26.4930209698
106000 26.7362909697
107000 26.9795609696
108000 27.2228309696
109000 27.4661009695
110000 27.7093709694
111000 27.9526409693
112000 28.1959109692
113000 28.4391809692
114000 28.6824509691
115000 28.9257209690
116000 29.1689909689
117000 29.4122609688
118000 29.6555309688
119000 29.8988009687
120000 30.1387710276
121000 30.1388163556
122000 30.1388163556
123000 30.1388163556
124000 30.1388163556
125000 30.1388163556
126000 30.1388163556
127000 30.1388163556
128000 30.1388163556
129000 30.1388163556
130000 30.1388163556
