0 0.3682825289
1 0.3702871769
2 0.3703346489
3 0.3703821689
4 0.3704296889
5 0.3704772569
6 0.3705247769
7 0.3705722969
8 0.3706198169
9 0.3706673369
10 0.3707148569
11 0.3707623769
12 0.3708098969
13 0.3708574169
14 0.3709049369
15 0.3709524569
16 0.3709999769
17 0.3710474969
18 0.3710950169
19 0.3711424889
20 0.3711900089
21 0.3712375289
22 0.3712850489
23 0.3713325689
24 0.3713800889
25 0.3714276089
26 0.3714751289
27 0.3715226489
28 0.3715701689
29 0.3716176889
30 0.3716652089
31 0.3717127289
32 0.3717602489
33 0.3718077689
34 0.3718552889
35 0.3719028089
36 0.3719503289
37 0.3719978489
38 0.3720453689
39 0.3720928889
40 0.3721404089
41 0.3721879289
42 0.3722354489
43 0.3722829689
44 0.3723304889
45 0.3723780089
46 0.3724255289
47 0.3724730489
48 0.3725205689
49 0.3725680889
50 0.3726156089
51 0.3726631289
52 0.3727106489
53 0.3727581689
54 0.3728056889
55 0.3728532089
56 0.3729007289
57 0.3729482489
58 0.3729957689
59 0.3730432889
60 0.3730908089
61 0.3731383289
62 0.3731858489
63 0.3732333689
64 0.3732808889
65 0.3733284089
66 0.3733759289
67 0.3734234489
68 0.3734709689
69 0.3735184889
70 0.3735660089
71 0.3736135289
72 0.3736610489
73 0.3716889709
74 0.3717360109
75 0.3717830509
76 0.3698105409
77 0.3678375029
78 0.3638444350
79 0.3598503590
80 0.3598945190
81 0.3599386790
82 0.3559436910
83 0.3539670530
84 0.3439130790
85 0.3419338010
86 0.3359147030
87 0.3359531030
88 0.3359915030
89 0.3340103530
90 0.3199105110
91 0.3138874770
92 0.3058431650
93 0.2957774790
94 0.2877266390
95 0.2776605210
96 0.2696110730
97 0.2575240610
98 0.2393738870
99 0.2333316530
100 0.2313275110
101 0.2293228890
102 0.2273173070
103 0.2192563630
104 0.2132115250
105 0.2132206450
106 0.2132293330
107 0.2112205830
108 0.2092112090
109 0.2031617270
110 0.2011503850
111 0.1991389950
112 0.1991447550
113 0.1991505150
114 0.1991558430
115 0.1971439730
116 0.1971492530
117 0.1971545330
118 0.1951400230
119 0.1951448230
120 0.1951496230
121 0.1951544230
122 0.1951592230
123 0.1951640230
124 0.1951688230
125 0.1951736230
126 0.1951784230
127 0.1951832230
128 0.1951880230
129 0.1951928230
130 0.1951976230
131 0.1952024230
132 0.1952072230
133 0.1952120230
134 0.1952168230
135 0.1952216230
136 0.1952264230
137 0.1952312230
138 0.1952360230
139 0.1952408230
140 0.1952456230
141 0.1952504230
142 0.1952552230
143 0.1952600230
144 0.1952648230
145 0.1952696230
146 0.1952744230
147 0.1952792230
148 0.1952840230
149 0.1952888230
150 0.1952936230
151 0.1952984230
152 0.1953032230
153 0.1953080230
154 0.1953128230
155 0.1953176230
156 0.1953224230
157 0.1953272230
158 0.1953320230
159 0.1953368230
160 0.1953416230
161 0.1953464230
162 0.1953512230
163 0.1953560230
164 0.1953608230
165 0.1953656230
166 0.1953704230
167 0.1953752230
168 0.1953800230
169 0.1953848230
170 0.1953896230
171 0.1953944230
172 0.1953992230
173 0.1954040230
174 0.1954088230
175 0.1954136230
176 0.1954184230
177 0.1954232230
178 0.1954280230
179 0.1954328230
180 0.1954376230
181 0.1954424230
182 0.1954472230
183 0.1954520230
184 0.1954568230
185 0.1954616230
186 0.1954664230
187 0.1954712230
188 0.1954760230
189 0.1954808230
190 0.1954856230
191 0.1954904230
192 0.1954952230
193 0.1955000230
194 0.1955048230
195 0.1955096230
196 0.1955144230
197 0.1955192230
198 0.1955240230
199 0.1955288230
200 0.1955336230
201 0.1955384230
202 0.1955432230
203 0.1955480230
204 0.1955528230
205 0.1955576230
206 0.1955624230
207 0.1955672230
208 0.1955720230
209 0.1955768230
210 0.1955816230
211 0.1955864230
212 0.1955912230
213 0.1955960230
214 0.1956008230
215 0.1956056230
216 0.1956104230
217 0.1956152230
218 0.1956200230
219 0.1956248230
220 0.1956296230
221 0.1956344230
222 0.1956392230
223 0.1956440230
224 0.1956488230
225 0.1956536230
226 0.1956584230
227 0.1956632230
228 0.1956680230
229 0.1956728230
230 0.1956776230
231 0.1956824230
232 0.1956872230
233 0.1956920230
234 0.1956968230
235 0.1957016230
236 0.1957064230
237 0.1957112230
238 0.1957160230
239 0.1957208230
240 0.1957256230
241 0.1957304230
242 0.1957352230
243 0.1957400230
244 0.1957448230
245 0.1957496230
246 0.1957544230
247 0.1957592230
248 0.1957640230
249 0.1957688230
250 0.1957736230
251 0.1957784230
252 0.1957832230
253 0.1957880230
254 0.1957928230
255 0.1957976230
256 0.1958024230
257 0.1958072230
258 0.1958120230
259 0.1958168230
260 0.1958216230
261 0.1958264230
262 0.1958312230
263 0.1958360230
264 0.1958408230
265 0.1958456230
266 0.1958504230
267 0.1958552230
268 0.1958600230
269 0.1958648230
270 0.1958696230
271 0.1958744230
272 0.1958792230
273 0.1958840230
274 0.1958888230
275 0.1958936230
276 0.1958984230
277 0.1959032230
278 0.1959080230
279 0.1959128230
280 0.1959176230
281 0.1959224230
282 0.1959272230
283 0.1959320230
284 0.1959368230
285 0.1959416230
286 0.1959464230
287 0.1959512230
288 0.1959560230
289 0.1959608230
290 0.1959656230
291 0.1959704230
292 0.1959752230
293 0.1959800230
294 0.1959848230
295 0.1959896230
296 0.1959944230
297 0.1959992230
298 0.1960040230
299 0.1960088230
300 0.1960136230
301 0.1960184230
302 0.1960231750
303 0.1960279750
304 0.1960327750
305 0.1960375750
306 0.1960423750
307 0.1960471750
308 0.1960519750
309 0.1960567750
310 0.1960615750
311 0.1960663750
312 0.1960711750
313 0.1960759750
314 0.1960807750
315 0.1960855750
316 0.1960903750
317 0.1960951750
318 0.1960999750
319 0.1961047750
320 0.1961095750
321 0.1961143750
322 0.1961191750
323 0.1961239750
324 0.1961287750
325 0.1961335750
326 0.1961383750
327 0.1961431750
328 0.1961479750
329 0.1961527750
330 0.1961575750
331 0.1961623750
332 0.1961671750
333 0.1961719750
334 0.1961767750
335 0.1961815750
336 0.1961863750
337 0.1961911750
338 0.1961959750
339 0.1962007750
340 0.1962055750
341 0.1962103750
342 0.1962151750
343 0.1962199750
344 0.1962247750
345 0.1962295750
346 0.1962343750
347 0.1962391750
348 0.1962439750
349 0.1962487750
350 0.1962535750
351 0.1962583750
352 0.1962631750
353 0.1962679750
354 0.1962727750
355 0.1962775750
356 0.1962823750
357 0.1962871750
358 0.1962919750
359 0.1962967750
360 0.1963015750
361 0.1963063750
362 0.1963111750
363 0.1963159750
364 0.1963207750
365 0.1963255750
366 0.1963303750
367 0.1963351750
368 0.1963399750
369 0.1963447750
370 0.1963495750
371 0.1963543750
372 0.1963591750
373 0.1963639750
374 0.1963687750
375 0.1963735750
376 0.1963783750
377 0.1963831750
378 0.1963879750
379 0.1963927750
380 0.1963975750
381 0.1964023750
382 0.1964071750
383 0.1964119750
384 0.1964167750
385 0.1964215750
386 0.1964263750
387 0.1964311750
388 0.1964359750
389 0.1964407750
390 0.1964455750
391 0.1964503750
392 0.1964551750
393 0.1964599750
394 0.1964647750
395 0.1964695750
396 0.1964743750
397 0.1964791750
398 0.1964839750
399 0.1964887750
400 0.1964935750
401 0.1964983750
402 0.1965031750
403 0.1965079750
404 0.1965127750
405 0.1965175750
406 0.1965223750
407 0.1965271750
408 0.1965319750
409 0.1965367750
410 0.1965415750
411 0.1965463750
412 0.1965511750
413 0.1965559750
414 0.1965607750
415 0.1965655750
416 0.1965703750
417 0.1965751750
418 0.1965799750
419 0.1965847750
420 0.1965895750
421 0.1965943750
422 0.1965991750
423 0.1966039750
424 0.1966087750
425 0.1966135750
426 0.1966183750
427 0.1966231750
428 0.1966279750
429 0.1966327750
430 0.1966375750
431 0.1966423750
432 0.1966471750
433 0.1966519750
434 0.1966567750
435 0.1966615750
436 0.1966663750
437 0.1966711750
438 0.1966759750
439 0.1966807750
440 0.1966855750
441 0.1966903750
442 0.1966951750
443 0.1966999750
444 0.1967047750
445 0.1967095750
446 0.1967143750
447 0.1967191750
448 0.1967239750
449 0.1967287750
450 0.1967335750
451 0.1967383750
452 0.1967431750
453 0.1967479750
454 0.1967527750
455 0.1967575750
456 0.1967623750
457 0.1967671750
458 0.1967719750
459 0.1967767750
460 0.1967815750
461 0.1967863750
462 0.1967911750
463 0.1967959750
464 0.1968007750
465 0.1968055750
466 0.1968103750
467 0.1968151750
468 0.1968199750
469 0.1968247750
470 0.1968295750
471 0.1968343750
472 0.1968391750
473 0.1968439750
474 0.1968487750
475 0.1968535750
476 0.1968583750
477 0.1968631750
478 0.1968679750
479 0.1968727750
480 0.1968775750
481 0.1968823750
482 0.1968871750
483 0.1968919750
484 0.1968967750
485 0.1969015750
486 0.1969063750
487 0.1969111750
488 0.1969159750
489 0.1969207750
490 0.1969255750
491 0.1969303750
492 0.1969351750
493 0.1969399750
494 0.1969447750
495 0.1969495750
496 0.1969543750
497 0.1969591750
498 0.1969639750
499 0.1969687750
500 0.1969735750
501 0.1969783750
502 0.1969831750
503 0.1969879750
504 0.1969927750
505 0.1969975750
506 0.1970023750
507 0.1970071750
508 0.1970119750
509 0.1970167750
510 0.1970215750
511 0.1970263750
512 0.1970311750
513 0.1970359750
514 0.1970407750
515 0.1970455750
516 0.1970503750
517 0.1970551750
518 0.1970599750
519 0.1970647750
520 0.1970695750
521 0.1970743750
522 0.1970791750
523 0.1970839750
524 0.1970887750
525 0.1970935750
526 0.1970983750
527 0.1971031750
528 0.1971079750
529 0.1971127750
530 0.1971175750
531 0.1971223750
532 0.1971271750
533 0.1971319750
534 0.1971367750
535 0.1971415750
536 0.1971463750
537 0.1971511750
538 0.1971559750
539 0.1971607750
540 0.1971655750
541 0.1971703750
542 0.1971751750
543 0.1971799750
544 0.1971847750
545 0.1971895750
546 0.1971943750
547 0.1971991750
548 0.1972039750
549 0.1972087750
550 0.1972135750
551 0.1972183750
552 0.1972231750
553 0.1972279750
554 0.1972327750
555 0.1972375750
556 0.1972423750
557 0.1972471750
558 0.1972519750
559 0.1972567750
560 0.1972615750
561 0.1972663750
562 0.1972711750
563 0.1972759750
564 0.1972807750
565 0.1972855750
566 0.1972903750
567 0.1972951750
568 0.1972999750
569 0.1973047750
570 0.1973095750
571 0.1973143750
572 0.1973191750
573 0.1973239750
574 0.1973287750
575 0.1973335750
576 0.1973383750
577 0.1973431750
578 0.1973479750
579 0.1973527750
580 0.1973575750
581 0.1973623750
582 0.1973671750
583 0.1973719750
584 0.1973767750
585 0.1973815750
586 0.1973863750
587 0.1973911750
588 0.1973959750
589 0.1974007750
590 0.1974055750
591 0.1974103750
592 0.1974151750
593 0.1974199750
594 0.1974247750
595 0.1974295750
596 0.1974343750
597 0.1974391750
598 0.1974439750
599 0.1974487750
600 0.1974535750
601 0.1974583750
602 0.1974631750
603 0.1974679750
604 0.1974727750
605 0.1974775750
606 0.1974823750
607 0.1974871750
608 0.1974919750
609 0.1974967750
610 0.1975015750
611 0.1975063750
612 0.1975111750
613 0.1975159750
614 0.1975207750
615 0.1975255750
616 0.1975303750
617 0.1975351750
618 0.1975399750
619 0.1975447750
620 0.1975495750
621 0.1975543750
622 0.1975591750
623 0.1975639750
624 0.1975687750
625 0.1975735750
626 0.1975783750
627 0.1975831750
628 0.1975879750
629 0.1975927750
630 0.1975975750
631 0.1976023750
632 0.1976071750
633 0.1976119750
634 0.1976167750
635 0.1976215750
636 0.1976263750
637 0.1976311750
638 0.1976359750
639 0.1976407750
640 0.1976455750
641 0.1976503750
642 0.1976551750
643 0.1976599750
644 0.1976647750
645 0.1976695750
646 0.1976743750
647 0.1976791750
648 0.1976839750
649 0.1976887750
650 0.1976935750
651 0.1976983750
652 0.1977031750
653 0.1977079750
654 0.1977127750
655 0.1977175750
656 0.1977223750
657 0.1977271750
658 0.1977319750
659 0.1977367750
660 0.1977415750
661 0.1977463750
662 0.1977511750
663 0.1977559750
664 0.1977607750
665 0.1977655750
666 0.1977703750
667 0.1977751750
668 0.1977799750
669 0.1977847750
670 0.1977895750
671 0.1977943750
672 0.1977991750
673 0.1978039750
674 0.1978087750
675 0.1978135750
676 0.1978183750
677 0.1978231750
678 0.1978279750
679 0.1978327750
680 0.1978375750
681 0.1978423750
682 0.1978471750
683 0.1978519750
684 0.1978567750
685 0.1978615750
686 0.1978663750
687 0.1978711750
688 0.1978759750
689 0.1978807750
690 0.1978855750
691 0.1978903750
692 0.1978951750
693 0.1978999750
694 0.1979047750
695 0.1979095750
696 0.1979143750
697 0.1979191750
698 0.1979239750
699 0.1979287750
700 0.1979335750
701 0.1979383750
702 0.1979431750
703 0.1979479750
704 0.1979527750
705 0.1979575750
706 0.1979623750
707 0.1979671750
708 0.1979719750
709 0.1979767750
710 0.1979815750
711 0.1979863750
712 0.1979911750
713 0.1979959750
714 0.1980007750
715 0.1980055750
716 0.1980103750
717 0.1980151750
718 0.1980199750
719 0.1980247750
720 0.1980295750
721 0.1980343750
722 0.1980391750
723 0.1980439750
724 0.1980487750
725 0.1980535750
726 0.1980583750
727 0.1980631750
728 0.1980679750
729 0.1980727750
730 0.1980775750
731 0.1980823750
732 0.1980871750
733 0.1980919750
734 0.1980967750
735 0.1981015750
736 0.1981063750
737 0.1981111750
738 0.1981159750
739 0.1981207750
740 0.1981255750
741 0.1981303750
742 0.1981351750
743 0.1981399750
744 0.1981447750
745 0.1981495750
746 0.1981543750
747 0.1981591750
748 0.1981639750
749 0.1981687750
750 0.1981735750
751 0.1981783750
752 0.1981831750
753 0.1981879750
754 0.1981927750
755 0.1981975750
756 0.1982023750
757 0.1982071750
758 0.1982119750
759 0.1982167750
760 0.1982215750
761 0.1982263750
762 0.1982311750
763 0.1982359750
764 0.1982407750
765 0.1982455750
766 0.1982503750
767 0.1982551750
768 0.1982599750
769 0.1982647750
770 0.1982695750
771 0.1982743750
772 0.1982791750
773 0.1982839750
774 0.1982887750
775 0.1982935750
776 0.1982983750
777 0.1983031750
778 0.1983079750
779 0.1983127750
780 0.1983175750
781 0.1983223750
782 0.1983271750
783 0.1983319750
784 0.1983367750
785 0.1983415750
786 0.1983463750
787 0.1983511750
788 0.1983559750
789 0.1983607750
790 0.1983655750
791 0.1983703750
792 0.1983751750
793 0.1983799750
794 0.1983847750
795 0.1983895750
796 0.1983943750
797 0.1983991750
798 0.1984039750
799 0.1984087750
800 0.1984135750
801 0.1984183750
802 0.1984231750
803 0.1984279750
804 0.1984327750
805 0.1984375750
806 0.1984423750
807 0.1984471750
808 0.1984519750
809 0.1984567750
810 0.1984615750
811 0.1984663750
812 0.1984711750
813 0.1984759750
814 0.1984807750
815 0.1984855750
816 0.1984903750
817 0.1984951750
818 0.1984999750
819 0.1985047750
820 0.1985095750
821 0.1985143750
822 0.1985191750
823 0.1985239750
824 0.1985287750
825 0.1985335750
826 0.1985383750
827 0.1985431750
828 0.1985479750
829 0.1985527750
830 0.1985575750
831 0.1985623750
832 0.1985671750
833 0.1985719750
834 0.1985767750
835 0.1985815750
836 0.1985863750
837 0.1985911750
838 0.1985959750
839 0.1986007750
840 0.1986055750
841 0.1986103750
842 0.1986151750
843 0.1986199750
844 0.1986247750
845 0.1986295750
846 0.1986343750
847 0.1986391750
848 0.1986439750
849 0.1986487750
850 0.1986535750
851 0.1986583750
852 0.1986631750
853 0.1986679750
854 0.1986727750
855 0.1986775750
856 0.1986823750
857 0.1986871750
858 0.1986919750
859 0.1986967750
860 0.1987015750
861 0.1987063750
862 0.1987111750
863 0.1987159750
864 0.1987207750
865 0.1987255750
866 0.1987303750
867 0.1987351750
868 0.1987399750
869 0.1987447750
870 0.1987495750
871 0.1987543750
872 0.1987591750
873 0.1987639750
874 0.1987687750
875 0.1987735750
876 0.1987783750
877 0.1987831750
878 0.1987879750
879 0.1987927750
880 0.1987975750
881 0.1988023750
882 0.1988071750
883 0.1988119750
884 0.1988167750
885 0.1988215750
886 0.1988263750
887 0.1988311750
888 0.1988359750
889 0.1988407750
890 0.1988455750
891 0.1988503750
892 0.1988551750
893 0.1988599750
894 0.1988647750
895 0.1988695750
896 0.1988743750
897 0.1988791750
898 0.1988839750
899 0.1988887750
900 0.1988935750
901 0.1988983750
902 0.1989031750
903 0.1989079750
904 0.1989127750
905 0.1989175750
906 0.1989223750
907 0.1989271750
908 0.1989319750
909 0.1989367750
910 0.1989415750
911 0.1989463750
912 0.1989511750
913 0.1989559750
914 0.1989607750
915 0.1989655750
916 0.1989703750
917 0.1989751750
918 0.1989799750
919 0.1989847750
920 0.1989895750
921 0.1989943750
922 0.1989991750
923 0.1990039750
924 0.1990087750
925 0.1990135750
926 0.1990183750
927 0.1990231750
928 0.1990279750
929 0.1990327750
930 0.1990375750
931 0.1990423750
932 0.1990471750
933 0.1990519750
934 0.1990567750
935 0.1990615750
936 0.1990663750
937 0.1990711750
938 0.1990759750
939 0.1990807750
940 0.1990855750
941 0.1990903750
942 0.1990951750
943 0.1990999750
944 0.1991047750
945 0.1991095750
946 0.1991143750
947 0.1991191750
948 0.1991239750
949 0.1991287750
950 0.1991335750
951 0.1991383750
952 0.1991431750
953 0.1991479750
954 0.1991527750
955 0.1991575750
956 0.1991623750
957 0.1991671750
958 0.1991719750
959 0.1991767750
960 0.1991815750
961 0.1991863750
962 0.1991911750
963 0.1991959750
964 0.1992007750
965 0.1992055750
966 0.1992103750
967 0.1992151750
968 0.1992199750
969 0.1992247750
970 0.1992295750
971 0.1992343750
972 0.1992391750
973 0.1992439750
974 0.1992487750
975 0.1992535750
976 0.1992583750
977 0.1992631750
978 0.1992679750
979 0.1992727750
980 0.1992775750
981 0.1992823750
982 0.1992871750
983 0.1992919750
984 0.1992967750
985 0.1993015750
986 0.1993063750
987 0.1993111750
988 0.1993159750
989 0.1993207750
990 0.1993255750
991 0.1993303750
992 0.1993351750
993 0.1993399750
994 0.1973252250
995 0.1973295450
996 0.1973338650
997 0.1973381850
998 0.1973425050
999 0.1973468250
1000 0.1973511450
2000 0.2016711450
3000 0.2059911450
4000 0.2103110970
5000 0.2146310970
6000 0.2189510970
7000 0.2232710970
8000 0.2275910970
9000 0.2319110970
10000 0.2362310970
11000 0.2405510970
12000 0.2448710970
13000 0.2491910970
14000 0.2535110970
15000 0.2578310970
16000 0.2621510970
17000 0.2664710970
18000 0.2707910970
19000 0.2751111450
20000 0.2794311450
21000 0.2837511450
22000 0.2880711450
23000 0.2923911450
24000 0.2967111930
25000 0.3010311930
26000 0.3053511930
27000 0.3096711930
28000 0.3139911930
29000 0.3183111930
30000 0.3226311930
31000 0.3269511930
32000 0.3312711930
33000 0.3355911930
34000 0.3399111930
35000 0.3442311930
36000 0.3485511930
37000 0.3528711930
38000 0.3571911930
39000 0.3615111930
40000 0.3658311930
41000 0.3701511930
42000 0.3744711930
43000 0.3787911930
44000 0.3831111930
45000 0.3874311930
46000 0.3917511930
47000 0.3960711930
48000 0.4003911930
49000 0.4047111930
50000 0.4090311930
51000 0.4133511930
52000 0.4176711930
53000 0.4219911930
54000 0.4263111930
55000 0.4306311930
56000 0.4349511930
57000 0.4392711930
58000 0.4435911930
59000 0.4479111930
60000 0.4522311930
61000 0.4565511930
62000 0.4608711930
63000 0.4651911930
64000 0.4695111930
65000 0.4738311930
66000 0.4781511930
67000 0.4824711930
68000 0.4867911930
69000 0.4911111930
70000 0.4954311930
71000 0.4997511930
72000 0.5040711930
73000 0.5083911930
74000 0.5127111930
75000 0.5170311930
76000 0.5213511450
77000 0.5256711450
78000 0.5299911450
79000 0.5343111450
80000 0.5386311450
81000 0.5429511450
82000 0.5472711450
83000 0.5515911450
84000 0.5559111450
85000 0.5602311450
86000 0.5645511450
87000 0.5688711450
88000 0.5731911450
89000 0.5775111450
90000 0.5818311450
91000 0.5861511450
92000 0.5904711450
93000 0.5947911450
94000 0.5991111450
95000 0.6034311450
96000 0.6077511450
97000 0.6120710970
98000 0.6163910970
99000 0.6207110970
100000 0.6250310970
101000 0.6293510970
102000 0.6336710970
103000 0.6379910970
104000 0.6423110970
105000 0.6466310970
106000 0.6509510970
107000 0.6552710970
108000 0.6595910970
109000 0.6639110970
110000 0.6682310970
111000 0.6725510970
112000 0.6768710970
113000 0.6811910970
114000 0.6855110970
115000 0.6898310970
116000 0.6941510970
117000 0.6984710970
118000 0.7027910970
119000 0.7071110970
120000 0.6952296250
121000 0.6932125710
122000 0.6932125710
123000 0.6932125710
124000 0.6932125710
125000 0.6932125710
126000 0.6932125710
127000 0.6932125710
128000 0.6932125710
129000 0.6932125710
130000 0.6932125710
