2 0.2508401630
3 0.2468429350
4 0.2866053610
5 0.1992893790
6 0.1992893790
7 0.1992893790
8 0.1992893790
9 0.1992893790
10 0.1992893790
11 0.1992893790
12 0.1992893790
13 0.1992893790
14 0.1992893790
15 0.1992893790
16 0.1992893790
17 0.1992893790
18 0.1992893790
19 0.1992893790
20 0.1992893790
21 0.1992893790
22 0.1992893790
23 0.1992893790
24 0.1992893790
25 0.1992893790
26 0.1992893790
27 0.1992893790
28 0.1992893790
29 0.1992893790
30 0.1992893790
31 0.1992893790
32 0.1973122770
33 0.1973122770
34 0.1973122770
35 0.1973122770
36 0.1973122770
37 0.1973122770
38 0.1973122770
39 0.1973122770
40 0.1973122770
41 0.1973122770
42 0.1973122770
43 0.1973122770
44 0.1973122770
45 0.1973122770
46 0.1973122770
47 0.1973122770
48 0.1973122770
49 0.1973122770
50 0.1973122770
51 0.1973122770
52 0.1973122770
53 0.1973122770
54 0.1973122770
55 0.1973122770
56 0.1973122770
57 0.1973122770
58 0.1973122770
59 0.1973122770
60 0.1973122770
61 0.1973122770
62 0.1973122770
63 0.1973122770
64 0.1973122770
65 0.1973122770
66 0.1973122770
67 0.1973122770
68 0.1973122770
69 0.1973122770
70 0.1973122770
71 0.1973122770
72 0.1973122770
73 0.1973122770
74 0.1973122770
75 0.1973122770
76 0.1973122770
77 0.1973122770
78 0.1973122770
79 0.1973122770
80 0.1973122770
81 0.1973122770
82 0.1973122770
83 0.1973122770
84 0.1973122770
85 0.1973122770
86 0.1973122770
87 0.1973122770
88 0.1973122770
89 0.1973122770
90 0.1973122770
91 0.1973122770
92 0.1973122770
93 0.1973122770
94 0.1973122770
95 0.1973122770
96 0.1973122770
97 0.1973122770
98 0.1973122770
99 0.1973122770
100 0.1973122770
101 0.1973122770
102 0.1973122770
103 0.1973122770
104 0.1973122770
105 0.1973122770
106 0.1973122770
107 0.1973122770
108 0.1973122770
109 0.1973122770
110 0.1973122770
111 0.1973122770
112 0.1973122770
113 0.1973122770
114 0.1973122770
115 0.1973122770
116 0.1973122770
117 0.1973122770
118 0.1973122770
119 0.1973122770
120 0.1973122770
121 0.1973122770
122 0.1973122770
123 0.1973122770
124 0.1973122770
125 0.1973122770
126 0.1973122770
127 0.1973122770
128 0.1973122770
129 0.1973122770
130 0.1973122770
131 0.1973122770
132 0.1973122770
133 0.1973122770
134 0.1973122770
135 0.1973122770
136 0.1973122770
137 0.1973122770
138 0.1973122770
139 0.1973122770
140 0.1973122770
141 0.1973122770
142 0.1973122770
143 0.1973122770
144 0.1973122770
145 0.1973122770
146 0.1973122770
147 0.1973122770
148 0.1973122770
149 0.1973122770
150 0.1973122770
151 0.1973122770
152 0.1973122770
153 0.1973122770
154 0.1973122770
155 0.1973122770
156 0.1973122770
157 0.1973122770
158 0.1973122770
159 0.1973122770
160 0.1973122770
161 0.1973122770
162 0.1973122770
163 0.1973122770
164 0.1973122770
165 0.1973122770
166 0.1973122770
167 0.1973122770
168 0.1973122770
169 0.1973122770
170 0.1973122770
171 0.1973122770
172 0.1973122770
173 0.1973122770
174 0.1973122770
175 0.1973122770
176 0.1973122770
177 0.1973122770
178 0.1973122770
179 0.1973122770
180 0.1973122770
181 0.2530113210
182 0.2530113210
183 0.2530113210
184 0.2530113210
185 0.2530113210
186 0.2530113210
187 0.2530113210
188 0.2530113210
189 0.2530113210
190 0.2530113210
191 0.2530113210
192 0.2530113210
193 0.2530113210
194 0.2530113210
195 0.2530113210
196 0.2530113210
197 0.2530113210
198 0.2530113210
199 0.2530113210
200 0.2530113210
201 0.2530113210
202 0.2530113210
203 0.2530113210
204 0.2530113210
205 0.2530113210
206 0.2530113210
207 0.2530113210
208 0.2530113210
209 0.2530113210
210 0.2530113210
211 0.2530113210
212 0.2530113210
213 0.2530113210
214 0.2530113210
215 0.2530113210
216 0.2530113210
217 0.2530113210
218 0.2530113210
219 0.2530113210
220 0.2530113210
221 0.2530113210
222 0.2530113210
223 0.2530113210
224 0.2530113210
225 0.2530113210
226 0.2530113210
227 0.2530113210
228 0.2530113210
229 0.2530113210
230 0.2530113210
231 0.2530113210
232 0.2530113210
233 0.2530113210
234 0.2530113210
235 0.3086767710
236 0.3086767710
237 0.3086767710
238 0.3086767710
239 0.3086767710
240 0.3086767710
241 0.3086767710
242 0.3086767710
243 0.3086767710
244 0.3086767710
245 0.3086767710
246 0.3086767710
247 0.3086767710
248 0.3086767710
249 0.3086767710
250 0.3086767710
251 0.3086767710
252 0.3086767710
253 0.3086767710
254 0.3086767710
255 0.3643037969
256 0.3643037969
257 0.3643037969
258 0.3643037969
259 0.3643037969
260 0.3643037969
261 0.3643037969
262 0.3643037969
263 0.3643037969
264 0.3643037969
265 0.3643037969
266 0.3643037969
267 0.3643037969
268 0.3643037969
269 0.3643037969
270 0.3643037969
271 0.3643037969
272 0.3643037969
273 0.3643037969
274 0.3643037969
275 0.3643037969
276 0.3643037969
277 0.3643037969
278 0.3643037969
279 0.3643037969
280 0.3643037969
281 0.3643037969
282 0.3643037969
283 0.3643037969
284 0.3643037969
285 0.3643037969
286 0.3643037969
287 0.3643037969
288 0.3643037969
289 0.3643037969
290 0.3643037969
291 0.3643037969
292 0.3643037969
293 0.4199784969
294 0.4199784969
295 0.4199784969
296 0.4199784969
297 0.4199784969
298 0.4199784969
299 0.4199784969
300 0.4199784969
