0 0.2606726390
1 0.2555238530
2 0.2475047810
3 0.2254940070
4 0.1974870910
5 0.1974914110
6 0.1974957310
7 0.1975000510
8 0.1975043710
9 0.1975086910
10 0.1975130110
11 0.1975173310
12 0.1975216510
13 0.1975259710
14 0.1975302910
15 0.1975346110
16 0.1975389310
17 0.1975432510
18 0.1975475710
19 0.1975518910
20 0.1975562110
21 0.1975605310
22 0.1975648510
23 0.1975691710
24 0.1975734910
25 0.1975778110
26 0.1975821310
27 0.1975864510
28 0.1975907710
29 0.1975950910
30 0.1975994110
31 0.1976037310
32 0.1976080510
33 0.1976123710
34 0.1976166910
35 0.1976210110
36 0.1976253310
37 0.1976296510
38 0.1976339710
39 0.1976382910
40 0.1976426110
41 0.1976469310
42 0.1976512510
43 0.1976555710
44 0.1976598910
45 0.1976642110
46 0.1976685310
47 0.1976728510
48 0.1976771710
49 0.1976814910
50 0.1976858110
51 0.1976901310
52 0.1976944510
53 0.1976987710
54 0.1977030910
55 0.1977074110
56 0.1977117310
57 0.1977160510
58 0.1977203710
59 0.1977246910
60 0.1977290110
61 0.1977333310
62 0.1977376510
63 0.1977419710
64 0.1977462910
65 0.1977506110
66 0.1977549310
67 0.1977592510
68 0.1977635710
69 0.1977678910
70 0.1977722110
71 0.1977765310
72 0.1977808510
73 0.1977851710
74 0.1977894910
75 0.1977938110
76 0.1977981310
77 0.1978024510
78 0.1978067710
79 0.1978110910
80 0.1978154110
81 0.1978197310
82 0.1978240510
83 0.1978283710
84 0.1978326910
85 0.1978370110
86 0.1978413310
87 0.1978456510
88 0.1978499710
89 0.1978542910
90 0.1978586110
91 0.1978629310
92 0.1978672510
93 0.1978715710
94 0.1978758910
95 0.1978802110
96 0.1978845310
97 0.1978888510
98 0.1978931710
99 0.1978974910
100 0.1979018110
101 0.1979061310
102 0.1979104510
103 0.1979147710
104 0.1979190910
105 0.1979234110
106 0.1979277310
107 0.1979320510
108 0.1979363710
109 0.1979406910
110 0.1979450110
111 0.1979493310
112 0.1979536510
113 0.1979579710
114 0.1979622910
115 0.1979666110
116 0.1979709310
117 0.1979752510
118 0.1979795710
119 0.1979838910
120 0.1979882110
121 0.1979925310
122 0.1979968510
123 0.1980011710
124 0.1980054910
125 0.1980098110
126 0.1980141310
127 0.1980184510
128 0.1980227710
129 0.1980270910
130 0.1980314110
131 0.1980357310
132 0.1980400510
133 0.1980443710
134 0.1980486910
135 0.1980530110
136 0.1980573310
137 0.1980616510
138 0.1980659710
139 0.1980702910
140 0.1980746110
141 0.1980789310
142 0.1980832510
143 0.1980875710
144 0.1980918910
145 0.1980962110
146 0.1981005310
147 0.1981048510
148 0.1981091710
149 0.1981134910
150 0.1981178110
151 0.1981221310
152 0.1981264510
153 0.1981307710
154 0.1981350910
155 0.1981394110
156 0.1981437310
157 0.1981480510
158 0.1981523710
159 0.1981566910
160 0.1981610110
161 0.1981653310
162 0.1981696510
163 0.1981739710
164 0.1981782910
165 0.1981826110
166 0.1981869310
167 0.1981912510
168 0.1981955710
169 0.1981998910
170 0.1982042110
171 0.1982085310
172 0.1982128510
173 0.1982171710
174 0.1982214910
175 0.1982258110
176 0.1982301310
177 0.1982344510
178 0.1982387710
179 0.1982430910
180 0.1982474110
181 0.1982517310
182 0.1982560510
183 0.1982603710
184 0.1982646910
185 0.1982690110
186 0.1982733310
187 0.1982776510
188 0.1982819710
189 0.1982862910
190 0.1982906110
191 0.1982949310
192 0.1982992510
193 0.1983035710
194 0.1983078910
195 0.1983122110
196 0.1983165310
197 0.1983208510
198 0.1983251710
199 0.1983294910
200 0.1983338110
201 0.1983381310
202 0.1983424510
203 0.1983467710
204 0.1983510910
205 0.1983554110
206 0.1983597310
207 0.1983640510
208 0.1983683710
209 0.1983726910
210 0.1983770110
211 0.1983813310
212 0.1983856510
213 0.1983899710
214 0.1983942910
215 0.1983986110
216 0.1984029310
217 0.1984072510
218 0.1984115710
219 0.1984158910
220 0.1984202110
221 0.1984245310
222 0.1984288510
223 0.1984331710
224 0.1984374910
225 0.1984418110
226 0.1984461310
227 0.1984504510
228 0.1984547710
229 0.1984590910
230 0.1984634110
231 0.1984677310
232 0.1984720510
233 0.1984763710
234 0.1984806910
235 0.1984850110
236 0.1984893310
237 0.1984936510
238 0.1984979710
239 0.1985022910
240 0.1985066110
241 0.1985109310
242 0.1985152510
243 0.1985195710
244 0.1985238910
245 0.1985282110
246 0.1985325310
247 0.1985368510
248 0.1985411710
249 0.1985454910
250 0.1985498110
251 0.1985541310
252 0.1985584510
253 0.1985627710
254 0.1985670910
255 0.1985714110
256 0.1985757310
257 0.1985800510
258 0.1985843710
259 0.1985886910
260 0.1985930110
261 0.1985973310
262 0.1986016510
263 0.1986059710
264 0.1986102910
265 0.1986146110
266 0.1986189310
267 0.1986232510
268 0.1986275710
269 0.1986318910
270 0.1986362110
271 0.1986405310
272 0.1986448510
273 0.1986491710
274 0.1986534910
275 0.1986578110
276 0.1986621310
277 0.1986664510
278 0.1986707710
279 0.1986750910
280 0.1986794110
281 0.1986837310
282 0.1986880510
283 0.1986923710
284 0.1986966910
285 0.1987010110
286 0.1987053310
287 0.1987096510
288 0.1987139710
289 0.1987182910
290 0.1987226110
291 0.1987269310
292 0.1987312510
293 0.1987355710
294 0.1987398910
295 0.1987442110
296 0.1987485310
297 0.1987528510
298 0.1987571710
299 0.1987614910
300 0.1987658110
301 0.1987701310
302 0.1987744510
303 0.1987787710
304 0.1987830910
305 0.1987874110
306 0.1987917310
307 0.1987960510
308 0.1988003710
309 0.1988046910
310 0.1988090110
311 0.1988133310
312 0.1988176510
313 0.1988219710
314 0.1988262910
315 0.1988306110
316 0.1988349310
317 0.1988392510
318 0.1988435710
319 0.1988478910
320 0.1988522110
321 0.1988565310
322 0.1988608510
323 0.1988651710
324 0.1988694910
325 0.1988738110
326 0.1988781310
327 0.1988824510
328 0.1988867710
329 0.1988910910
330 0.1988954110
331 0.1988997310
332 0.1989040510
333 0.1989083710
334 0.1989126910
335 0.1989170110
336 0.1989213310
337 0.1989256510
338 0.1989299710
339 0.1989342910
340 0.1989386110
341 0.1989429310
342 0.1989472510
343 0.1989515710
344 0.1989558910
345 0.1989602110
346 0.1989645310
347 0.1989688510
348 0.1989731710
349 0.1989774910
350 0.1989818110
351 0.1989861310
352 0.1989904510
353 0.1989947710
354 0.1989990910
355 0.1990034110
356 0.1990077310
357 0.1990120510
358 0.1990163710
359 0.1990206910
360 0.1990250110
361 0.1990293310
362 0.1990336510
363 0.1990379710
364 0.1990422910
365 0.1990466110
366 0.1990509310
367 0.1990552510
368 0.1990595710
369 0.1990638910
370 0.1990682110
371 0.1990725310
372 0.1990768510
373 0.1990811710
374 0.1990854910
375 0.1990898110
376 0.1990941310
377 0.1990984510
378 0.1991027710
379 0.1991070910
380 0.1991114110
381 0.1991157310
382 0.1991200510
383 0.1991243710
384 0.1991286910
385 0.1991330110
386 0.1991373310
387 0.1991416510
388 0.1991459710
389 0.1991502910
390 0.1991546110
391 0.1991589310
392 0.1991632510
393 0.1991675710
394 0.1991718910
395 0.1991762110
396 0.1991805310
397 0.1991848510
398 0.1991891710
399 0.1991934910
400 0.1991978110
401 0.1992021310
402 0.1992064510
403 0.1992107710
404 0.1992150910
405 0.1992194110
406 0.1992237310
407 0.1992280510
408 0.1992323710
409 0.1992366910
410 0.1992410110
411 0.1992453310
412 0.1992496510
413 0.1992539710
414 0.1992582910
415 0.1992626110
416 0.1992669310
417 0.1992712510
418 0.1992755710
419 0.1992798910
420 0.1992842110
421 0.1992885310
422 0.1992928510
423 0.1992971710
424 0.1993014910
425 0.1993058110
426 0.1993101310
427 0.1993144510
428 0.1993187710
429 0.1993230910
430 0.1993274110
431 0.1993317310
432 0.1993360510
433 0.1993403710
434 0.1993446910
435 0.1993490110
436 0.1993533310
437 0.1993576510
438 0.1993619710
439 0.1993662910
440 0.1993706110
441 0.1993749310
442 0.1993792510
443 0.1993835710
444 0.1993878910
445 0.1993922110
446 0.1993965310
447 0.1994008510
448 0.1994051710
449 0.1994094910
450 0.1994138110
451 0.1994181310
452 0.1994224510
453 0.1994267710
454 0.1994310910
455 0.1994354110
456 0.1994397310
457 0.1994440510
458 0.1994483710
459 0.1994526910
460 0.1994570110
461 0.1994613310
462 0.1994656510
463 0.1994699710
464 0.1994742910
465 0.1994786110
466 0.1994829310
467 0.1994872510
468 0.1994915710
469 0.1994958910
470 0.1995002110
471 0.1995045310
472 0.1995088510
473 0.1995131710
474 0.1995174910
475 0.1995218110
476 0.1995261310
477 0.1995304510
478 0.1995347710
479 0.1995390910
480 0.1995434110
481 0.1995477310
482 0.1995520510
483 0.1995563710
484 0.1995606910
485 0.1995650110
486 0.1995693310
487 0.1995736510
488 0.1995779710
489 0.1995822910
490 0.1995866110
491 0.1995909310
492 0.1995952510
493 0.1995995710
494 0.1996038910
495 0.1996082110
496 0.1996125310
497 0.1996168510
498 0.1996211710
499 0.1996254910
500 0.1996298110
501 0.1996341310
502 0.1996384510
503 0.1996427710
504 0.1996470910
505 0.1996514110
506 0.1996557310
507 0.1996600510
508 0.1996643710
509 0.1996686910
510 0.1996730110
511 0.1996773310
512 0.1996816510
513 0.1996859710
514 0.1996902910
515 0.1996946110
516 0.1996989310
517 0.1997032510
518 0.1997075710
519 0.1997118910
520 0.1997162110
521 0.1997205310
522 0.1997248510
523 0.1997291710
524 0.1997334910
525 0.1997378110
526 0.1997421310
527 0.1997464510
528 0.1997507710
529 0.1997550910
530 0.1997594110
531 0.1997637310
532 0.1997680510
533 0.1997723710
534 0.1997766910
535 0.1997810110
536 0.1997853310
537 0.1997896510
538 0.1997939710
539 0.1997982910
540 0.1998026110
541 0.1998069310
542 0.1998112510
543 0.1998155710
544 0.1998198910
545 0.1998242110
546 0.1998285310
547 0.1998328510
548 0.1998371710
549 0.1998414910
550 0.1998458110
551 0.1998501310
552 0.1998544510
553 0.1998587710
554 0.1998630910
555 0.1998674110
556 0.1998717310
557 0.1998760510
558 0.1998803710
559 0.1998846910
560 0.1998890110
561 0.1998933310
562 0.1998976510
563 0.1999019710
564 0.1999062910
565 0.1999106110
566 0.1999149310
567 0.1999192510
568 0.1999235710
569 0.1999278910
570 0.1999322110
571 0.1999365310
572 0.1999408510
573 0.1999451710
574 0.1999494910
575 0.1999538110
576 0.1999581310
577 0.1999624510
578 0.1999667710
579 0.1999710910
580 0.1999754110
581 0.1999797310
582 0.1999840510
583 0.1999883710
584 0.1999926910
585 0.1999970110
586 0.2000013310
587 0.2000056510
588 0.2000099710
589 0.2000142910
590 0.2000186110
591 0.2000229310
592 0.2000272510
593 0.2000315710
594 0.2000358910
595 0.2000402110
596 0.2000445310
597 0.2000488510
598 0.2000531710
599 0.2000574910
600 0.2000618110
601 0.2000661310
602 0.2000704510
603 0.2000747710
604 0.2000790910
605 0.2000834110
606 0.2000877310
607 0.2000920510
608 0.2000963710
609 0.2001006910
610 0.2001050110
611 0.2001093310
612 0.2001136510
613 0.2001179710
614 0.2001222910
615 0.2001266110
616 0.2001309310
617 0.2001352510
618 0.2001395710
619 0.2001438910
620 0.2001482110
621 0.2001525310
622 0.2001568510
623 0.2001611710
624 0.2001654910
625 0.2001698110
626 0.2001741310
627 0.2001784510
628 0.2001827710
629 0.2001870910
630 0.2001914110
631 0.2001957310
632 0.2002000510
633 0.2002043710
634 0.2002086910
635 0.2002130110
636 0.2002173310
637 0.2002216510
638 0.2002259710
639 0.2002302910
640 0.2002346110
641 0.2002389310
642 0.2002432510
643 0.2002475710
644 0.2002518910
645 0.2002562110
646 0.2002605310
647 0.2002648510
648 0.2002691710
649 0.2002734910
650 0.2002778110
651 0.2002821310
652 0.2002864510
653 0.2002907710
654 0.2002950910
655 0.2002994110
656 0.2003037310
657 0.2003080510
658 0.2003123710
659 0.2003166910
660 0.2003210110
661 0.2003253310
662 0.2003296510
663 0.2003339710
664 0.2003382910
665 0.2003426110
666 0.2003469310
667 0.2003512510
668 0.2003555710
669 0.2003598910
670 0.2003642110
671 0.2003685310
672 0.2003728510
673 0.2003771710
674 0.2003814910
675 0.2003858110
676 0.2003901310
677 0.2003944510
678 0.2003987710
679 0.2004030910
680 0.2004074110
681 0.2004117310
682 0.2004160510
683 0.2004203710
684 0.2004246910
685 0.2004290110
686 0.2004333310
687 0.2004376510
688 0.2004419710
689 0.2004462910
690 0.2004506110
691 0.2004549310
692 0.2004592510
693 0.2004635710
694 0.2004678910
695 0.2004722110
696 0.2004765310
697 0.2004808510
698 0.2004851710
699 0.2004894910
700 0.2004938110
701 0.2004981310
702 0.2005024510
703 0.2005067710
704 0.2005110910
705 0.2005154110
706 0.2005197310
707 0.2005240510
708 0.2005283710
709 0.2005326910
710 0.2005370110
711 0.2005413310
712 0.2005456510
713 0.2005499710
714 0.2005542910
715 0.2005586110
716 0.2005629310
717 0.2005672510
718 0.2005715710
719 0.2005758910
720 0.2005802110
721 0.2005845310
722 0.2005888510
723 0.2005931710
724 0.2005974910
725 0.2006018110
726 0.2006061310
727 0.2006104510
728 0.2006147710
729 0.2006190910
730 0.2006234110
731 0.2006277310
732 0.2006320510
733 0.2006363710
734 0.2006406910
735 0.2006450110
736 0.2006493310
737 0.2006536510
738 0.2006579710
739 0.2006622910
740 0.2006666110
741 0.2006709310
742 0.2006752510
743 0.2006795710
744 0.2006838910
745 0.2006882110
746 0.2006925310
747 0.2006968510
748 0.2007011710
749 0.2007054910
750 0.2007098110
751 0.2007141310
752 0.2007184510
753 0.2007227710
754 0.2007270910
755 0.2007314110
756 0.2007357310
757 0.2007400510
758 0.2007443710
759 0.2007486910
760 0.2007530110
761 0.2007573310
762 0.2007616510
763 0.2007659710
764 0.2007702910
765 0.2007746110
766 0.2007789310
767 0.2007832510
768 0.2007875710
769 0.2007918910
770 0.2007962110
771 0.2008005310
772 0.2008048510
773 0.2008091710
774 0.2008134910
775 0.2008178110
776 0.2008221310
777 0.2008264510
778 0.2008307710
779 0.2008350910
780 0.2008394110
781 0.2008437310
782 0.2008480510
783 0.2008523710
784 0.2008566910
785 0.2008610110
786 0.2008653310
787 0.2008696510
788 0.2008739710
789 0.2008782910
790 0.2008826110
791 0.2008869310
792 0.2008912510
793 0.2008955710
794 0.2008998910
795 0.2009042110
796 0.2009085310
797 0.2009128510
798 0.2009171710
799 0.2009214910
800 0.2009258110
801 0.2009301310
802 0.2009344510
803 0.2009387710
804 0.2009430910
805 0.2009474110
806 0.2009517310
807 0.2009560510
808 0.2009603710
809 0.2009646910
810 0.2009690110
811 0.2009733310
812 0.2009776510
813 0.2009819710
814 0.2009862910
815 0.2009906110
816 0.2009949310
817 0.2009992510
818 0.2010035710
819 0.2010078910
820 0.2010122110
821 0.2010165310
822 0.2010208510
823 0.2010251710
824 0.2010294910
825 0.2010338110
826 0.2010381310
827 0.2010424510
828 0.2010467710
829 0.2010510910
830 0.2010554110
831 0.2010597310
832 0.2010640510
833 0.2010683710
834 0.2010726910
835 0.2010770110
836 0.2010813310
837 0.2010856510
838 0.2010899710
839 0.2010942910
840 0.2010986110
841 0.2011029310
842 0.2011072510
843 0.2011115710
844 0.2011158910
845 0.2011202110
846 0.2011245310
847 0.2011288510
848 0.2011331710
849 0.2011374910
850 0.2011418110
851 0.2011461310
852 0.2011504510
853 0.2011547710
854 0.2011590910
855 0.2011634110
856 0.2011677310
857 0.2011720510
858 0.2011763710
859 0.2011806910
860 0.2011850110
861 0.2011893310
862 0.2011936510
863 0.2011979710
864 0.2012022910
865 0.2012066110
866 0.2012109310
867 0.2012152510
868 0.2012195710
869 0.2012238910
870 0.2012282110
871 0.2012325310
872 0.2012368510
873 0.2012411710
874 0.2012454910
875 0.2012498110
876 0.2012541310
877 0.2012584510
878 0.2012627710
879 0.2012670910
880 0.2012714110
881 0.2012757310
882 0.2012800510
883 0.2012843710
884 0.2012886910
885 0.2012930110
886 0.2012973310
887 0.2013016510
888 0.2013059710
889 0.2013102910
890 0.2013146110
891 0.2013189310
892 0.2013232510
893 0.2013275710
894 0.2013318910
895 0.2013362110
896 0.2013405310
897 0.2013448510
898 0.2013491710
899 0.2013534910
900 0.2013578110
901 0.2013621790
902 0.2013664990
903 0.2013708190
904 0.2013751390
905 0.2013794590
906 0.2013837790
907 0.2013880990
908 0.2013924190
909 0.2013967390
910 0.2014010590
911 0.2014053790
912 0.2014096990
913 0.2014140190
914 0.2014183390
915 0.2014226590
916 0.2014269790
917 0.2014312990
918 0.2014356190
919 0.2014399390
920 0.2014442590
921 0.2014485790
922 0.2014528990
923 0.2014572190
924 0.2014615390
925 0.2014658590
926 0.2014701790
927 0.2014744990
928 0.2014788190
929 0.2014831390
930 0.2014874590
931 0.2014917790
932 0.2014960990
933 0.2015004190
934 0.2015047390
935 0.2015090590
936 0.2015133790
937 0.2015176990
938 0.2015220190
939 0.2015263390
940 0.2015306590
941 0.2015349790
942 0.2015392990
943 0.2015436190
944 0.2015479390
945 0.2015522590
946 0.2015565790
947 0.2015608990
948 0.2015652190
949 0.2015695390
950 0.2015738590
951 0.2015781790
952 0.2015824990
953 0.2015868190
954 0.2015911390
955 0.2015954590
956 0.2015997790
957 0.2016040990
958 0.2016084190
959 0.2016127390
960 0.2016170590
961 0.2016213790
962 0.2016256990
963 0.2016300190
964 0.2016343390
965 0.2016386590
966 0.2016429790
967 0.2016472990
968 0.2016516190
969 0.2016559390
970 0.2016602590
971 0.2016645790
972 0.2016688990
973 0.2016732190
974 0.2016775390
975 0.2016818590
976 0.2016861790
977 0.2016904990
978 0.2016948190
979 0.2016991390
980 0.2017034590
981 0.2017077790
982 0.2017120990
983 0.2017164190
984 0.2017207390
985 0.2017250590
986 0.2017293790
987 0.2017336990
988 0.2017380190
989 0.2017423390
990 0.2017466590
991 0.2017509790
992 0.2017552990
993 0.2017596190
994 0.2017639390
995 0.2017682590
996 0.2017725790
997 0.2017768990
998 0.2017812190
999 0.2017855390
1000 0.2017898590
2000 0.2061098590
3000 0.2104298590
4000 0.2147498590
5000 0.2190698110
6000 0.2233898110
7000 0.2277098110
8000 0.2320298110
9000 0.2363498110
10000 0.2406698110
11000 0.2449898110
12000 0.2493098110
13000 0.2536298110
14000 0.2579498110
15000 0.2622698110
16000 0.2665898110
17000 0.2709098110
18000 0.2752298110
19000 0.2795498590
20000 0.2838698590
21000 0.2881898590
22000 0.2925098590
23000 0.2968298590
24000 0.3011498590
25000 0.3054698590
26000 0.3097898590
27000 0.3141099070
28000 0.3184299070
29000 0.3227499070
30000 0.3270699070
31000 0.3313899070
32000 0.3357099070
33000 0.3400299070
34000 0.3443499070
35000 0.3486699070
36000 0.3529899070
37000 0.3573099070
38000 0.3616299070
39000 0.3659499070
40000 0.3702699070
41000 0.3745899070
42000 0.3789099070
43000 0.3832299070
44000 0.3875499070
45000 0.3918699070
46000 0.3961899070
47000 0.4005099070
48000 0.4048299070
49000 0.4091499070
50000 0.4134699070
51000 0.4177899070
52000 0.4221099070
53000 0.4264299070
54000 0.4307499070
55000 0.4350699070
56000 0.4393899070
57000 0.4437099070
58000 0.4480299070
59000 0.4523499070
60000 0.4566699070
61000 0.4609899070
62000 0.4653099070
63000 0.4696299070
64000 0.4739499070
65000 0.4782699070
66000 0.4825899070
67000 0.4869099070
68000 0.4912299070
69000 0.4955499070
70000 0.4998699070
71000 0.5041899070
72000 0.5085099070
73000 0.5128299070
74000 0.5171499070
75000 0.5214699070
76000 0.5257899070
77000 0.5301098590
78000 0.5344298590
79000 0.5387498590
80000 0.5430698590
81000 0.5473898590
82000 0.5517098590
83000 0.5560298590
84000 0.5603498590
85000 0.5646698590
86000 0.5689898590
87000 0.5733098590
88000 0.5776298590
89000 0.5819498590
90000 0.5862698590
91000 0.5905898590
92000 0.5949098590
93000 0.5992298590
94000 0.6035498590
95000 0.6078698590
96000 0.6121898590
97000 0.6165098590
98000 0.6208298590
99000 0.6251498590
100000 0.6294698590
101000 0.6337898590
102000 0.6381098590
103000 0.6424298590
104000 0.6467498590
105000 0.6510698590
106000 0.6553898590
107000 0.6597098590
108000 0.6640298110
109000 0.6683498110
110000 0.6726698110
111000 0.6769898110
112000 0.6813098110
113000 0.6856298110
114000 0.6899498110
115000 0.6942698110
116000 0.6985898110
117000 0.7029098110
118000 0.7072298110
119000 0.7115498110
120000 0.6997582750
121000 0.6977655650
122000 0.6977655650
123000 0.6977655650
124000 0.6977655650
125000 0.6977655650
126000 0.6977655650
127000 0.6977655650
128000 0.6977655650
129000 0.6977655650
130000 0.6977655650
