0 0.6977655650
1 0.6997882530
2 0.7015312760
3 0.7026792370
4 0.7032023760
5 0.7034456460
6 0.7036889160
7 0.7039321860
8 0.7041754560
9 0.7044187260
10 0.7046619960
11 0.7049052660
12 0.7051485360
13 0.7053918060
14 0.7056350760
15 0.7058783460
16 0.7061216160
17 0.7063648860
18 0.7066081560
19 0.7068514260
20 0.7070946960
21 0.7073379660
22 0.7075812360
23 0.7078245060
24 0.7080677760
25 0.7083110460
26 0.7085543160
27 0.7087975860
28 0.7090408560
29 0.7092841260
30 0.7095273960
31 0.7097706660
32 0.7100139360
33 0.7102572060
34 0.7105004760
35 0.7107437460
36 0.7109870160
37 0.7112302860
38 0.7114735560
39 0.7117168260
40 0.7119600960
41 0.7122033660
42 0.7124466360
43 0.7126899060
44 0.7129331760
45 0.7131764460
46 0.7134197160
47 0.7136629860
48 0.7139062560
49 0.7141495260
50 0.7143927960
51 0.7146360660
52 0.7148793360
53 0.7151226060
54 0.7153658760
55 0.7156091460
56 0.7158524160
57 0.7160956860
58 0.7163389560
59 0.7165822260
60 0.7168254960
61 0.7170687660
62 0.7173120360
63 0.7175553060
64 0.7177985760
65 0.7180418460
66 0.7182851160
67 0.7185283860
68 0.7187716560
69 0.7190149260
70 0.7192581960
71 0.7195014660
72 0.7197447360
73 0.7199880060
74 0.7202312760
75 0.7204745460
76 0.7207178160
77 0.7209610860
78 0.7212043560
79 0.7214476260
80 0.7216908960
81 0.7219341660
82 0.7221774360
83 0.7224207060
84 0.7226639760
85 0.7229072460
86 0.7231505160
87 0.7233937860
88 0.7236370560
89 0.7238803260
90 0.7241235960
91 0.7243668660
92 0.7246101360
93 0.7248534060
94 0.7250966760
95 0.7253399460
96 0.7255832160
97 0.7258264860
98 0.7260697560
99 0.7263130260
100 0.7265562960
101 0.7267995660
102 0.7270428360
103 0.7272861060
104 0.7275293760
105 0.7277726460
106 0.7280159160
107 0.7282591860
108 0.7285024560
109 0.7287457260
110 0.7289889960
111 0.7292322660
112 0.7294755360
113 0.7297188060
114 0.7299620760
115 0.7302053460
116 0.7304486160
117 0.7306918860
118 0.7309351560
119 0.7311784260
120 0.7314216960
121 0.7316649660
122 0.7319082360
123 0.7321515060
124 0.7323947760
125 0.7326380460
126 0.7328813160
127 0.7331245860
128 0.7333678560
129 0.7336111260
130 0.7338543960
131 0.7340976660
132 0.7343409360
133 0.7345842060
134 0.7348274760
135 0.7350707460
136 0.7353140160
137 0.7355572860
138 0.7358005560
139 0.7360438260
140 0.7362870960
141 0.7365303660
142 0.7367736360
143 0.7370169060
144 0.7372601760
145 0.7375034460
146 0.7377467160
147 0.7379899860
148 0.7382332560
149 0.7384765260
150 0.7387197960
151 0.7389630660
152 0.7392063360
153 0.7394496060
154 0.7396928760
155 0.7399361460
156 0.7401794160
157 0.7404226860
158 0.7406659560
159 0.7409092260
160 0.7411524960
161 0.7413957660
162 0.7416390360
163 0.7418823060
164 0.7421255760
165 0.7423688460
166 0.7426121160
167 0.7428553860
168 0.7430986560
169 0.7433419260
170 0.7435851960
171 0.7438284660
172 0.7440717360
173 0.7443150060
174 0.7445582760
175 0.7448015460
176 0.7450448160
177 0.7452880860
178 0.7455313560
179 0.7457746260
180 0.7460178960
181 0.7462611660
182 0.7465044360
183 0.7467477060
184 0.7469909760
185 0.7472342460
186 0.7474775160
187 0.7477207860
188 0.7479640560
189 0.7482073260
190 0.7484505960
191 0.7486938660
192 0.7489371360
193 0.7491804060
194 0.7494236760
195 0.7496669460
196 0.7499102160
197 0.7501534860
198 0.7503967560
199 0.7506400260
200 0.7508832960
201 0.7511265660
202 0.7513698360
203 0.7516131060
204 0.7518563760
205 0.7520996460
206 0.7523429160
207 0.7525861860
208 0.7528294560
209 0.7530727260
210 0.7533159960
211 0.7535592660
212 0.7538025360
213 0.7540458060
214 0.7542890760
215 0.7545323460
216 0.7547756160
217 0.7550188860
218 0.7552621560
219 0.7555054260
220 0.7557486960
221 0.7559919660
222 0.7562352360
223 0.7564785060
224 0.7567217760
225 0.7569650460
226 0.7572083160
227 0.7574515860
228 0.7576948560
229 0.7579381260
230 0.7581813960
231 0.7584246660
232 0.7586679360
233 0.7589112060
234 0.7591544760
235 0.7593977460
236 0.7596410160
237 0.7598842860
238 0.7601275560
239 0.7603708260
240 0.7606140960
241 0.7608573660
242 0.7611006360
243 0.7613439060
244 0.7615871760
245 0.7618304460
246 0.7620737160
247 0.7623169860
248 0.7625602560
249 0.7628035260
250 0.7630467960
251 0.7632900660
252 0.7635333360
253 0.7637766060
254 0.7640198760
255 0.7642631460
256 0.7645064160
257 0.7647496860
258 0.7649929560
259 0.7652362260
260 0.7654794960
261 0.7657227660
262 0.7659660360
263 0.7662093060
264 0.7664525760
265 0.7666958460
266 0.7669391160
267 0.7671823860
268 0.7674256560
269 0.7676689260
270 0.7679121960
271 0.7681554660
272 0.7683987360
273 0.7686420060
274 0.7688852760
275 0.7691285460
276 0.7693718160
277 0.7696150860
278 0.7698583560
279 0.7701016260
280 0.7703448960
281 0.7705881660
282 0.7708314360
283 0.7710747060
284 0.7713179760
285 0.7715612460
286 0.7718045160
287 0.7720477860
288 0.7722910560
289 0.7725343260
290 0.7727775960
291 0.7730208660
292 0.7732641360
293 0.7735074060
294 0.7737506760
295 0.7739939460
296 0.7742372160
297 0.7744804860
298 0.7747237560
299 0.7749670260
300 0.7752102960
301 0.7754535660
302 0.7756968360
303 0.7759401060
304 0.7761833760
305 0.7764266460
306 0.7766699160
307 0.7769131860
308 0.7771564560
309 0.7773997260
310 0.7776429960
311 0.7778862660
312 0.7781295360
313 0.7783728060
314 0.7786160760
315 0.7788593460
316 0.7791026160
317 0.7793458860
318 0.7795891560
319 0.7798324260
320 0.7800756960
321 0.7803189660
322 0.7805622360
323 0.7808055060
324 0.7810487760
325 0.7812920460
326 0.7815353160
327 0.7817785860
328 0.7820218560
329 0.7822651260
330 0.7825083960
331 0.7827516660
332 0.7829949360
333 0.7832382060
334 0.7834814760
335 0.7837247460
336 0.7839680160
337 0.7842112860
338 0.7844545560
339 0.7846978260
340 0.7849410960
341 0.7851843660
342 0.7854276360
343 0.7856709060
344 0.7859141760
345 0.7861574460
346 0.7864007160
347 0.7866439860
348 0.7868872560
349 0.7871305260
350 0.7873737960
351 0.7876170660
352 0.7878603360
353 0.7881036060
354 0.7883468760
355 0.7885901460
356 0.7888334160
357 0.7890766860
358 0.7893199560
359 0.7895632260
360 0.7898064960
361 0.7900497660
362 0.7902930360
363 0.7905363060
364 0.7907795760
365 0.7910228460
366 0.7912661160
367 0.7915093860
368 0.7917526560
369 0.7919959260
370 0.7922391960
371 0.7924824660
372 0.7927257360
373 0.7929690060
374 0.7932122760
375 0.7934555460
376 0.7936988160
377 0.7939420860
378 0.7941853560
379 0.7944286260
380 0.7946718960
381 0.7949151660
382 0.7951584360
383 0.7954017060
384 0.7956449760
385 0.7958882460
386 0.7961315160
387 0.7963747860
388 0.7966180560
389 0.7968613260
390 0.7971045960
391 0.7973478660
392 0.7975911360
393 0.7978344060
394 0.7980776760
395 0.7983209460
396 0.7985642160
397 0.7988074860
398 0.7990507560
399 0.7992940260
400 0.7995372960
401 0.7997805660
402 0.8000238360
403 0.8002671060
404 0.8005103760
405 0.8007536460
406 0.8009969160
407 0.8012401860
408 0.8014834560
409 0.8017267260
410 0.8019699960
411 0.8022132660
412 0.8024565360
413 0.8026998060
414 0.8029430760
415 0.8031863460
416 0.8034296160
417 0.8036728860
418 0.8039161560
419 0.8041594260
420 0.8044026960
421 0.8046459660
422 0.8048892360
423 0.8051325060
424 0.8053757760
425 0.8056190460
426 0.8058623160
427 0.8061055860
428 0.8063488560
429 0.8065921260
430 0.8068353960
431 0.8070786660
432 0.8073219360
433 0.8075652060
434 0.8078084760
435 0.8080517460
436 0.8082950160
437 0.8085382860
438 0.8087815560
439 0.8090248260
440 0.8092680960
441 0.8095113660
442 0.8097546360
443 0.8099979060
444 0.8102411760
445 0.8104844460
446 0.8107277160
447 0.8109709860
448 0.8112142560
449 0.8114575260
450 0.8117007960
451 0.8119440660
452 0.8121873360
453 0.8124306060
454 0.8126738760
455 0.8129171460
456 0.8131604160
457 0.8134036860
458 0.8136469560
459 0.8138902260
460 0.8141334960
461 0.8143767660
462 0.8146200360
463 0.8148633060
464 0.8151065760
465 0.8153498460
466 0.8155931160
467 0.8158363860
468 0.8160796560
469 0.8163229260
470 0.8165661960
471 0.8168094660
472 0.8170527360
473 0.8172960060
474 0.8175392760
475 0.8177825460
476 0.8180258160
477 0.8182690860
478 0.8185123560
479 0.8187556260
480 0.8189988960
481 0.8192421660
482 0.8194854360
483 0.8197287060
484 0.8199719760
485 0.8202152460
486 0.8204585160
487 0.8207017860
488 0.8209450560
489 0.8211883260
490 0.8214315960
491 0.8216748660
492 0.8219181360
493 0.8221614060
494 0.8224046760
495 0.8226479460
496 0.8228912160
497 0.8231344860
498 0.8233777560
499 0.8236210260
500 0.8238642960
501 0.8241075660
502 0.8243508360
503 0.8245941060
504 0.8248373760
505 0.8250806460
506 0.8253239160
507 0.8255671860
508 0.8258104560
509 0.8260537260
510 0.8262969960
511 0.8265402660
512 0.8267835360
513 0.8270268060
514 0.8272700760
515 0.8275133460
516 0.8277566160
517 0.8279998860
518 0.8282431560
519 0.8284864260
520 0.8287296960
521 0.8289729660
522 0.8292162360
523 0.8294595060
524 0.8297027760
525 0.8299460460
526 0.8301893160
527 0.8304325860
528 0.8306758560
529 0.8309191260
530 0.8311623960
531 0.8314056660
532 0.8316489360
533 0.8318922059
534 0.8321354759
535 0.8323787459
536 0.8326220159
537 0.8328652859
538 0.8331085559
539 0.8333518259
540 0.8335950959
541 0.8338383659
542 0.8340816359
543 0.8343249059
544 0.8345681759
545 0.8348114459
546 0.8350547159
547 0.8352979859
548 0.8355412559
549 0.8357845259
550 0.8360277959
551 0.8362710659
552 0.8365143359
553 0.8367576059
554 0.8370008759
555 0.8372441459
556 0.8374874159
557 0.8377306859
558 0.8379739559
559 0.8382172259
560 0.8384604959
561 0.8387037659
562 0.8389470359
563 0.8391903059
564 0.8394335759
565 0.8396768459
566 0.8399201159
567 0.8401633859
568 0.8404066559
569 0.8406499259
570 0.8408931959
571 0.8411364659
572 0.8413797359
573 0.8416230059
574 0.8418662759
575 0.8421095459
576 0.8423528159
577 0.8425960859
578 0.8428393559
579 0.8430826259
580 0.8433258959
581 0.8435691659
582 0.8438124359
583 0.8440557059
584 0.8442989759
585 0.8445422459
586 0.8447855159
587 0.8450287859
588 0.8452720559
589 0.8455153259
590 0.8457585959
591 0.8460018659
592 0.8462451359
593 0.8464884059
594 0.8467316759
595 0.8469749459
596 0.8472182159
597 0.8474614859
598 0.8477047559
599 0.8479480259
600 0.8481912959
601 0.8484345659
602 0.8486778359
603 0.8489211059
604 0.8491643759
605 0.8494076459
606 0.8496509159
607 0.8498941859
608 0.8501374559
609 0.8503807259
610 0.8506239959
611 0.8508672659
612 0.8511105359
613 0.8513538059
614 0.8515970759
615 0.8518403459
616 0.8520836159
617 0.8523268859
618 0.8525701559
619 0.8528134259
620 0.8530566959
621 0.8532999659
622 0.8535432359
623 0.8537865059
624 0.8540297759
625 0.8542730459
626 0.8545163159
627 0.8547595859
628 0.8550028559
629 0.8552461259
630 0.8554893959
631 0.8557326659
632 0.8559759359
633 0.8562192059
634 0.8564624759
635 0.8567057459
636 0.8569490159
637 0.8571922859
638 0.8574355559
639 0.8576788259
640 0.8579220959
641 0.8581653659
642 0.8584086359
643 0.8586519059
644 0.8588951759
645 0.8591384459
646 0.8593817159
647 0.8596249859
648 0.8598682559
649 0.8601115259
650 0.8603547959
651 0.8605980659
652 0.8608413359
653 0.8610846059
654 0.8613278759
655 0.8615711459
656 0.8618144159
657 0.8620576859
658 0.8623009559
659 0.8625442259
660 0.8627874959
661 0.8630307659
662 0.8632740359
663 0.8635173059
664 0.8637605759
665 0.8640038459
666 0.8642471159
667 0.8644903859
668 0.8647336559
669 0.8649769259
670 0.8652201959
671 0.8654634659
672 0.8657067359
673 0.8659500059
674 0.8661932759
675 0.8664365459
676 0.8666798159
677 0.8669230859
678 0.8671663559
679 0.8674096259
680 0.8676528959
681 0.8678961659
682 0.8681394359
683 0.8683827059
684 0.8686259759
685 0.8688692459
686 0.8691125159
687 0.8693557859
688 0.8695990559
689 0.8698423259
690 0.8700855959
691 0.8703288659
692 0.8705721359
693 0.8708154059
694 0.8710586759
695 0.8713019459
696 0.8715452159
697 0.8717884859
698 0.8720317559
699 0.8722750259
700 0.8725182959
701 0.8727615659
702 0.8730048359
703 0.8732481059
704 0.8734913759
705 0.8737346459
706 0.8739779159
707 0.8742211859
708 0.8744644559
709 0.8747077259
710 0.8749509959
711 0.8751942659
712 0.8754375359
713 0.8756808059
714 0.8759240759
715 0.8761673459
716 0.8764106159
717 0.8766538859
718 0.8768971559
719 0.8771404259
720 0.8773836959
721 0.8776269659
722 0.8778702359
723 0.8781135059
724 0.8783567759
725 0.8786000459
726 0.8788433159
727 0.8790865859
728 0.8793298559
729 0.8795731259
730 0.8798163959
731 0.8800596659
732 0.8803029359
733 0.8805462059
734 0.8807894759
735 0.8810327459
736 0.8812760159
737 0.8815192859
738 0.8817625559
739 0.8820058259
740 0.8822490959
741 0.8824923659
742 0.8827356359
743 0.8829789059
744 0.8832221759
745 0.8834654459
746 0.8837087159
747 0.8839519859
748 0.8841952559
749 0.8844385259
750 0.8846817959
751 0.8849250659
752 0.8851683359
753 0.8854116059
754 0.8856548759
755 0.8858981459
756 0.8861414159
757 0.8863846859
758 0.8866279559
759 0.8868712259
760 0.8871144959
761 0.8873577659
762 0.8876010359
763 0.8878443059
764 0.8880875759
765 0.8883308459
766 0.8885741159
767 0.8888173859
768 0.8890606559
769 0.8893039259
770 0.8895471959
771 0.8897904659
772 0.8900337359
773 0.8902770059
774 0.8905202759
775 0.8907635459
776 0.8910068159
777 0.8912500859
778 0.8914933559
779 0.8917366259
780 0.8919798959
781 0.8922231659
782 0.8924664359
783 0.8927097059
784 0.8929529759
785 0.8931962459
786 0.8934395159
787 0.8936827859
788 0.8939260559
789 0.8941693259
790 0.8944125959
791 0.8946558659
792 0.8948991359
793 0.8951424059
794 0.8953856759
795 0.8956289459
796 0.8958722159
797 0.8961154859
798 0.8963587559
799 0.8966020259
800 0.8968452959
801 0.8970885659
802 0.8973318359
803 0.8975751059
804 0.8978183759
805 0.8980616459
806 0.8983049159
807 0.8985481859
808 0.8987914559
809 0.8990347259
810 0.8992779959
811 0.8995212659
812 0.8997645359
813 0.9000078059
814 0.9002510759
815 0.9004943459
816 0.9007376159
817 0.9009808859
818 0.9012241559
819 0.9014674259
820 0.9017106959
821 0.9019539659
822 0.9021972359
823 0.9024405059
824 0.9026837759
825 0.9029270459
826 0.9031703159
827 0.9034135859
828 0.9036568559
829 0.9039001259
830 0.9041433959
831 0.9043866659
832 0.9046299359
833 0.9048732059
834 0.9051164759
835 0.9053597459
836 0.9056030159
837 0.9058462859
838 0.9060895559
839 0.9063328259
840 0.9065760959
841 0.9068193659
842 0.9070626359
843 0.9073059059
844 0.9075491759
845 0.9077924459
846 0.9080357159
847 0.9082789859
848 0.9085222559
849 0.9087655259
850 0.9090087959
851 0.9092520659
852 0.9094953359
853 0.9097386059
854 0.9099818759
855 0.9102251459
856 0.9104684159
857 0.9107116859
858 0.9109549559
859 0.9111982259
860 0.9114414959
861 0.9116847659
862 0.9119280359
863 0.9121713059
864 0.9124145759
865 0.9126578459
866 0.9129011159
867 0.9131443859
868 0.9133876559
869 0.9136309259
870 0.9138741959
871 0.9141174659
872 0.9143607359
873 0.9146040059
874 0.9148472759
875 0.9150905459
876 0.9153338159
877 0.9155770859
878 0.9158203559
879 0.9160636259
880 0.9163068959
881 0.9165501659
882 0.9167934359
883 0.9170367059
884 0.9172799759
885 0.9175232459
886 0.9177665159
887 0.9180097859
888 0.9182530559
889 0.9184963259
890 0.9187395959
891 0.9189828659
892 0.9192261359
893 0.9194694059
894 0.9197126759
895 0.9199559459
896 0.9201992159
897 0.9204424859
898 0.9206857559
899 0.9209290259
900 0.9211722959
901 0.9214155659
902 0.9216615389
903 0.9219048089
904 0.9221480789
905 0.9223913489
906 0.9226346189
907 0.9228778889
908 0.9231211589
909 0.9233644289
910 0.9236076989
911 0.9238509689
912 0.9240942389
913 0.9243375089
914 0.9245807789
915 0.9248240489
916 0.9250673189
917 0.9253105889
918 0.9255538589
919 0.9257971289
920 0.9260403989
921 0.9262836689
922 0.9265269389
923 0.9267702089
924 0.9270134789
925 0.9272567489
926 0.9275000189
927 0.9277432889
928 0.9279865589
929 0.9282298289
930 0.9284730989
931 0.9287163689
932 0.9289596389
933 0.9292029089
934 0.9294461789
935 0.9296894489
936 0.9299327189
937 0.9301759889
938 0.9304192589
939 0.9306625289
940 0.9309057989
941 0.9311490689
942 0.9313923389
943 0.9316356089
944 0.9318788789
945 0.9321221489
946 0.9323654189
947 0.9326086889
948 0.9328519589
949 0.9330952289
950 0.9333384989
951 0.9335817689
952 0.9338250389
953 0.9340683089
954 0.9343115789
955 0.9345548489
956 0.9347981189
957 0.9350413889
958 0.9352846589
959 0.9355279289
960 0.9357711989
961 0.9360144689
962 0.9362577389
963 0.9365010089
964 0.9367442789
965 0.9369875489
966 0.9372308189
967 0.9374740889
968 0.9377173589
969 0.9379606289
970 0.9382038989
971 0.9384471689
972 0.9386904389
973 0.9389337089
974 0.9391769789
975 0.9394202489
976 0.9396635189
977 0.9399067889
978 0.9401500589
979 0.9403933289
980 0.9406365989
981 0.9408798689
982 0.9411231389
983 0.9413664089
984 0.9416096789
985 0.9418529489
986 0.9420962189
987 0.9423394889
988 0.9425827589
989 0.9428260289
990 0.9430692989
991 0.9433125689
992 0.9435558389
993 0.9437991089
994 0.9440423789
995 0.9442856489
996 0.9445289189
997 0.9447721889
998 0.9450154589
999 0.9452587289
1000 0.9455019989
2000 1.1887719989
3000 1.4320419988
4000 1.6753119988
5000 1.9185792958
6000 2.1618492961
7000 2.4051192963
8000 2.6483892963
9000 2.8916592965
10000 3.1349292966
11000 3.3781992967
12000 3.6214692967
13000 3.8647392969
14000 4.1080092969
15000 4.3512792969
16000 4.5945492969
17000 4.8378192972
18000 5.0810892971
19000 5.3243620001
20000 5.5676320002
21000 5.8109020002
22000 6.0541720002
23000 6.2974420004
24000 6.5407120004
25000 6.7839820005
26000 7.0272520005
27000 7.2705247035
28000 7.5137947035
29000 7.7570647035
30000 8.0003347035
31000 8.2436047027
32000 8.4868747027
33000 8.7301447026
34000 8.9734147025
35000 9.2166847025
36000 9.4599547019
37000 9.7032247018
38000 9.9464947018
39000 10.1897647017
40000 10.4330347017
41000 10.6763047009
42000 10.9195747009
43000 11.1628447008
44000 11.4061147008
45000 11.6493847008
46000 11.8926547007
47000 12.1359247007
48000 12.3791947000
49000 12.6224647000
50000 12.8657346999
51000 13.1090046999
52000 13.3522746999
53000 13.5955446998
54000 13.8388146998
55000 14.0820846998
56000 14.3253546997
57000 14.5686246997
58000 14.8118946991
59000 15.0551646991
60000 15.2984346991
61000 15.5417046990
62000 15.7849746990
63000 16.0282446990
64000 16.2715146990
65000 16.5147846999
66000 16.7580546999
67000 17.0013246999
68000 17.2445946998
69000 17.4878646998
70000 17.7311346997
71000 17.9744046997
72000 18.2176746997
73000 18.4609447002
74000 18.7042147001
75000 18.9474847000
76000 19.1907547000
77000 19.4340219969
78000 19.6772919969
79000 19.9205619968
80000 20.1638319968
81000 20.4071019967
82000 20.6503719967
83000 20.8936419966
84000 21.1369119972
85000 21.3801819971
86000 21.6234519971
87000 21.8667219970
88000 22.1099919969
89000 22.3532619969
90000 22.5965319968
91000 22.8398019967
92000 23.0830719966
93000 23.3263419966
94000 23.5696119965
95000 23.8128819964
96000 24.0561519964
97000 24.2994219963
98000 24.5426919962
99000 24.7859619963
100000 25.0292319963
101000 25.2725019962
102000 25.5157719961
103000 25.7590419960
104000 26.0023119959
105000 26.2455819959
106000 26.4888519958
107000 26.7321219957
108000 26.9753892926
109000 27.2186592925
110000 27.4619292925
111000 27.7051992924
112000 27.9484692923
113000 28.1917392922
114000 28.4350092921
115000 28.6782792921
116000 28.9215492920
117000 29.1648192919
118000 29.4080892918
119000 29.6513592917
120000 29.8787847277
121000 29.8791003557
122000 29.8791003557
123000 29.8791003557
124000 29.8791003557
125000 29.8791003557
126000 29.8791003557
127000 29.8791003557
128000 29.8791003557
129000 29.8791003557
130000 29.8791003557
